GEOID,NAME,date,year,week,mean_SR_B4,mean_SR_B5,mean_NDVI,corn_area_m2
51165,Rockingham,2021-01-01,2021,0.0,,,,1.4536741764705878E8
51001,Accomack,2021-01-01,2021,0.0,,,,1.1947461176470588E8
51015,Augusta,2021-01-01,2021,0.0,,,,9.990757764705883E7
51175,Southampton,2021-01-01,2021,0.0,0.09272691915760867,0.2158431317934783,0.4110678736812512,8.448777882352939E7
51057,Essex,2021-01-01,2021,0.0,,,,6.943756941176468E7
51097,King and Queen,2021-01-01,2021,0.0,,,,6.813610235294119E7
51033,Caroline,2021-01-01,2021,0.0,,,,6.67682294117647E7
51093,Isle of Wight,2021-01-01,2021,0.0,0.0903175,0.21410875000000001,0.4110620617866516,6.16024623529412E7
51193,Westmoreland,2021-01-01,2021,0.0,,,,6.1057701176470585E7
51171,Shenandoah,2021-01-01,2021,0.0,,,,5.776891764705879E7
51165,Rockingham,2021-01-08,2021,1.0,0.08862697500208835,0.3020685667707375,0.5359133285710004,1.4536741764705878E8
51001,Accomack,2021-01-08,2021,1.0,0.08910752196485622,0.2366121625399361,0.46267245421870445,1.1947461176470588E8
51015,Augusta,2021-01-08,2021,1.0,0.09883983037334165,0.27695507440434003,0.4737176447158442,9.990757764705883E7
51175,Southampton,2021-01-08,2021,1.0,0.08515712499999999,0.20778924999999998,0.41746915876865387,8.448777882352939E7
51057,Essex,2021-01-08,2021,1.0,,,,6.943756941176468E7
51097,King and Queen,2021-01-08,2021,1.0,,,,6.813610235294119E7
51033,Caroline,2021-01-08,2021,1.0,0.0789171511627907,0.18095622093023256,0.3958517936773079,6.67682294117647E7
51093,Isle of Wight,2021-01-08,2021,1.0,,,,6.16024623529412E7
51193,Westmoreland,2021-01-08,2021,1.0,,,,6.1057701176470585E7
51171,Shenandoah,2021-01-08,2021,1.0,0.09997930563184293,0.2636743638849219,0.4496347771490463,5.776891764705879E7
51165,Rockingham,2021-01-15,2021,2.0,0.10296351768015764,0.31580042236725603,0.5149806386823809,1.4536741764705878E8
51001,Accomack,2021-01-15,2021,2.0,,,,1.1947461176470588E8
51015,Augusta,2021-01-15,2021,2.0,0.12608912685502646,0.29996180960484503,0.4241890519097037,9.990757764705883E7
51175,Southampton,2021-01-15,2021,2.0,,,,8.448777882352939E7
51057,Essex,2021-01-15,2021,2.0,0.0719205262063228,0.1718005643372157,0.40539423991409645,6.943756941176468E7
51097,King and Queen,2021-01-15,2021,2.0,0.05337871463306808,0.16634966290893013,0.534592379230403,6.813610235294119E7
51033,Caroline,2021-01-15,2021,2.0,0.07781548532306626,0.20911950845298738,0.46887522336486,6.67682294117647E7
51093,Isle of Wight,2021-01-15,2021,2.0,,,,6.16024623529412E7
51193,Westmoreland,2021-01-15,2021,2.0,0.09872167895220589,0.21666916884191179,0.3672800735281507,6.1057701176470585E7
51171,Shenandoah,2021-01-15,2021,2.0,,,,5.776891764705879E7
51165,Rockingham,2021-01-22,2021,3.0,0.10548935189812161,0.3022873813172745,0.4807482058976751,1.4536741764705878E8
51001,Accomack,2021-01-22,2021,3.0,,,,1.1947461176470588E8
51015,Augusta,2021-01-22,2021,3.0,0.14536573196462646,0.31396996862615584,0.4040824423736489,9.990757764705883E7
51175,Southampton,2021-01-22,2021,3.0,,,,8.448777882352939E7
51057,Essex,2021-01-22,2021,3.0,,,,6.943756941176468E7
51097,King and Queen,2021-01-22,2021,3.0,,,,6.813610235294119E7
51033,Caroline,2021-01-22,2021,3.0,0.07662888392857141,0.20305031250000002,0.4542276933789254,6.67682294117647E7
51093,Isle of Wight,2021-01-22,2021,3.0,,,,6.16024623529412E7
51193,Westmoreland,2021-01-22,2021,3.0,,,,6.1057701176470585E7
51171,Shenandoah,2021-01-22,2021,3.0,0.1148459645827302,0.27330263751085626,0.40946650785425953,5.776891764705879E7
51165,Rockingham,2021-01-29,2021,4.0,0.8214621220964082,0.7826270654072306,-0.019543767849668846,1.4536741764705878E8
51001,Accomack,2021-01-29,2021,4.0,0.08936191401966255,0.22588788624455675,0.4369530632411972,1.1947461176470588E8
51015,Augusta,2021-01-29,2021,4.0,0.6768628497735579,0.6689336604560623,0.007593027043921928,9.990757764705883E7
51175,Southampton,2021-01-29,2021,4.0,0.07775903101020323,0.22063686685744996,0.4862493285404328,8.448777882352939E7
51057,Essex,2021-01-29,2021,4.0,0.06972458333333333,0.17234541666666667,0.33872414628664654,6.943756941176468E7
51097,King and Queen,2021-01-29,2021,4.0,0.0868530265534682,0.22376760341401733,0.4499967880923883,6.813610235294119E7
51033,Caroline,2021-01-29,2021,4.0,,,,6.67682294117647E7
51093,Isle of Wight,2021-01-29,2021,4.0,0.09183574514857494,0.22693641631853195,0.4318866967036057,6.16024623529412E7
51193,Westmoreland,2021-01-29,2021,4.0,0.09582043483951513,0.23122774475454072,0.41355787154486184,6.1057701176470585E7
51171,Shenandoah,2021-01-29,2021,4.0,,,,5.776891764705879E7
51165,Rockingham,2021-02-05,2021,5.0,,,,1.4536741764705878E8
51001,Accomack,2021-02-05,2021,5.0,,,,1.1947461176470588E8
51015,Augusta,2021-02-05,2021,5.0,,,,9.990757764705883E7
51175,Southampton,2021-02-05,2021,5.0,0.07397398720381576,0.20975418889116815,0.48929317299511454,8.448777882352939E7
51057,Essex,2021-02-05,2021,5.0,0.09455702604875636,0.23702961205296377,0.43658857055118133,6.943756941176468E7
51097,King and Queen,2021-02-05,2021,5.0,0.08751629925325709,0.2274878840959644,0.4541956419520951,6.813610235294119E7
51033,Caroline,2021-02-05,2021,5.0,0.08913977152317881,0.25876647350993376,0.4855635234062245,6.67682294117647E7
51093,Isle of Wight,2021-02-05,2021,5.0,0.07803858337260576,0.20802132240156646,0.46419993629179235,6.16024623529412E7
51193,Westmoreland,2021-02-05,2021,5.0,,,,6.1057701176470585E7
51171,Shenandoah,2021-02-05,2021,5.0,,,,5.776891764705879E7
51165,Rockingham,2021-02-19,2021,7.0,,,,1.4536741764705878E8
51001,Accomack,2021-02-19,2021,7.0,,,,1.1947461176470588E8
51015,Augusta,2021-02-19,2021,7.0,0.6474548958333334,0.6486557291666667,0.017401351030760754,9.990757764705883E7
51175,Southampton,2021-02-19,2021,7.0,,,,8.448777882352939E7
51057,Essex,2021-02-19,2021,7.0,,,,6.943756941176468E7
51097,King and Queen,2021-02-19,2021,7.0,,,,6.813610235294119E7
51033,Caroline,2021-02-19,2021,7.0,,,,6.67682294117647E7
51093,Isle of Wight,2021-02-19,2021,7.0,,,,6.16024623529412E7
51193,Westmoreland,2021-02-19,2021,7.0,,,,6.1057701176470585E7
51171,Shenandoah,2021-02-19,2021,7.0,,,,5.776891764705879E7
51165,Rockingham,2021-02-26,2021,8.0,,,,1.4536741764705878E8
51001,Accomack,2021-02-26,2021,8.0,0.08210055692902639,0.22235222106252087,0.45896489304612925,1.1947461176470588E8
51015,Augusta,2021-02-26,2021,8.0,,,,9.990757764705883E7
51175,Southampton,2021-02-26,2021,8.0,0.07643649185254221,0.22152659054873475,0.4954123639664006,8.448777882352939E7
51057,Essex,2021-02-26,2021,8.0,0.07066285714285715,0.18970642857142858,0.34159455980573383,6.943756941176468E7
51097,King and Queen,2021-02-26,2021,8.0,0.08531228622229572,0.22937491606020508,0.4541245996804179,6.813610235294119E7
51033,Caroline,2021-02-26,2021,8.0,,,,6.67682294117647E7
51093,Isle of Wight,2021-02-26,2021,8.0,0.08820958215389328,0.23057741087856481,0.45385035370667703,6.16024623529412E7
51193,Westmoreland,2021-02-26,2021,8.0,0.09922421882325366,0.23985352135099242,0.41846841047667355,6.1057701176470585E7
51171,Shenandoah,2021-02-26,2021,8.0,,,,5.776891764705879E7
51165,Rockingham,2021-03-05,2021,9.0,0.10139800150346835,0.3026380809937777,0.492840388672155,1.4536741764705878E8
51001,Accomack,2021-03-05,2021,9.0,,,,1.1947461176470588E8
51015,Augusta,2021-03-05,2021,9.0,0.1158730524789449,0.27086005819958686,0.40087669578480195,9.990757764705883E7
51175,Southampton,2021-03-05,2021,9.0,0.09056130297032913,0.2383155881841132,0.45989062948399917,8.448777882352939E7
51057,Essex,2021-03-05,2021,9.0,0.0961522866383426,0.23496716314206606,0.41753711321936937,6.943756941176468E7
51097,King and Queen,2021-03-05,2021,9.0,0.09209089562133072,0.23598030535714282,0.44628450000268616,6.813610235294119E7
51033,Caroline,2021-03-05,2021,9.0,0.09065738371973842,0.2323322661198573,0.44605140670606475,6.67682294117647E7
51093,Isle of Wight,2021-03-05,2021,9.0,0.09412365138407335,0.23490447766239173,0.43695873054993056,6.16024623529412E7
51193,Westmoreland,2021-03-05,2021,9.0,0.10291605285566938,0.22898658691441395,0.38281408878685214,6.1057701176470585E7
51171,Shenandoah,2021-03-05,2021,9.0,,,,5.776891764705879E7
51165,Rockingham,2021-03-12,2021,10.0,,,,1.4536741764705878E8
51001,Accomack,2021-03-12,2021,10.0,,,,1.1947461176470588E8
51015,Augusta,2021-03-12,2021,10.0,0.1370987344037141,0.3077444931811587,0.3896504210248562,9.990757764705883E7
51175,Southampton,2021-03-12,2021,10.0,,,,8.448777882352939E7
51057,Essex,2021-03-12,2021,10.0,,,,6.943756941176468E7
51097,King and Queen,2021-03-12,2021,10.0,,,,6.813610235294119E7
51033,Caroline,2021-03-12,2021,10.0,,,,6.67682294117647E7
51093,Isle of Wight,2021-03-12,2021,10.0,,,,6.16024623529412E7
51193,Westmoreland,2021-03-12,2021,10.0,,,,6.1057701176470585E7
51171,Shenandoah,2021-03-12,2021,10.0,,,,5.776891764705879E7
51165,Rockingham,2021-03-19,2021,11.0,,,,1.4536741764705878E8
51001,Accomack,2021-03-19,2021,11.0,,,,1.1947461176470588E8
51015,Augusta,2021-03-19,2021,11.0,,,,9.990757764705883E7
51175,Southampton,2021-03-19,2021,11.0,,,,8.448777882352939E7
51057,Essex,2021-03-19,2021,11.0,,,,6.943756941176468E7
51097,King and Queen,2021-03-19,2021,11.0,,,,6.813610235294119E7
51033,Caroline,2021-03-19,2021,11.0,,,,6.67682294117647E7
51093,Isle of Wight,2021-03-19,2021,11.0,,,,6.16024623529412E7
51193,Westmoreland,2021-03-19,2021,11.0,,,,6.1057701176470585E7
51171,Shenandoah,2021-03-19,2021,11.0,,,,5.776891764705879E7
51165,Rockingham,2021-03-26,2021,12.0,,,,1.4536741764705878E8
51001,Accomack,2021-03-26,2021,12.0,,,,1.1947461176470588E8
51015,Augusta,2021-03-26,2021,12.0,,,,9.990757764705883E7
51175,Southampton,2021-03-26,2021,12.0,0.08023717269102555,0.2585015709360089,0.5366089356219084,8.448777882352939E7
51057,Essex,2021-03-26,2021,12.0,0.08682722956646279,0.24292048245729653,0.4711272350025901,6.943756941176468E7
51097,King and Queen,2021-03-26,2021,12.0,0.08180037345229423,0.23984989466496712,0.5007122851601609,6.813610235294119E7
51033,Caroline,2021-03-26,2021,12.0,0.0850613395931518,0.24516888645763196,0.49013653105516986,6.67682294117647E7
51093,Isle of Wight,2021-03-26,2021,12.0,0.07863474216710181,0.2203832408616188,0.47197917658526073,6.16024623529412E7
51193,Westmoreland,2021-03-26,2021,12.0,0.08767940679873928,0.22436816494466696,0.4372215136960371,6.1057701176470585E7
51171,Shenandoah,2021-03-26,2021,12.0,,,,5.776891764705879E7
51165,Rockingham,2021-04-02,2021,13.0,0.07729332627515767,0.3469243615220809,0.6279160472694892,1.4536741764705878E8
51001,Accomack,2021-04-02,2021,13.0,0.08937957896480149,0.2698235535022286,0.49888399445902154,1.1947461176470588E8
51015,Augusta,2021-04-02,2021,13.0,0.0900476203172448,0.31938245659418085,0.5590090732622298,9.990757764705883E7
51175,Southampton,2021-04-02,2021,13.0,0.08686271664295744,0.26181417726742146,0.5084877397865533,8.448777882352939E7
51057,Essex,2021-04-02,2021,13.0,0.07463464285714284,0.2459930357142858,0.47626947930880953,6.943756941176468E7
51097,King and Queen,2021-04-02,2021,13.0,0.0831398766045666,0.26455943683971367,0.5221831698267282,6.813610235294119E7
51033,Caroline,2021-04-02,2021,13.0,0.040982500000000005,0.17182750000000002,0.6148442029953003,6.67682294117647E7
51093,Isle of Wight,2021-04-02,2021,13.0,0.0966711987458835,0.2724935077345434,0.48299037286447266,6.16024623529412E7
51193,Westmoreland,2021-04-02,2021,13.0,0.09221902803859355,0.2775705398886226,0.4995657736038108,6.1057701176470585E7
51171,Shenandoah,2021-04-02,2021,13.0,0.09246668710677826,0.3024528819444443,0.5303064678337492,5.776891764705879E7
51165,Rockingham,2021-04-09,2021,14.0,,,,1.4536741764705878E8
51001,Accomack,2021-04-09,2021,14.0,,,,1.1947461176470588E8
51015,Augusta,2021-04-09,2021,14.0,,,,9.990757764705883E7
51175,Southampton,2021-04-09,2021,14.0,0.07919586685658776,0.259581612319839,0.5394845371073931,8.448777882352939E7
51057,Essex,2021-04-09,2021,14.0,0.07987102560600037,0.2757597737557123,0.5479595741417318,6.943756941176468E7
51097,King and Queen,2021-04-09,2021,14.0,0.08820792147659169,0.273245329507508,0.5206721925081879,6.813610235294119E7
51033,Caroline,2021-04-09,2021,14.0,0.07950298174351936,0.27368662787482334,0.5606581108283687,6.67682294117647E7
51093,Isle of Wight,2021-04-09,2021,14.0,0.07656228162650605,0.25311103630037396,0.5458096561690575,6.16024623529412E7
51193,Westmoreland,2021-04-09,2021,14.0,0.08329068762096632,0.263848814880525,0.5227184272250555,6.1057701176470585E7
51171,Shenandoah,2021-04-09,2021,14.0,,,,5.776891764705879E7
51165,Rockingham,2021-04-16,2021,15.0,0.08457425339471725,0.38776701962425586,0.644278867258912,1.4536741764705878E8
51001,Accomack,2021-04-16,2021,15.0,0.08100898319858899,0.27504393415174416,0.5361330990478707,1.1947461176470588E8
51015,Augusta,2021-04-16,2021,15.0,0.08883062548048175,0.41094282469889815,0.6519204528247037,9.990757764705883E7
51175,Southampton,2021-04-16,2021,15.0,0.08262474759758864,0.2816535884341053,0.5538381332854204,8.448777882352939E7
51057,Essex,2021-04-16,2021,15.0,0.0744528947368421,0.2913381578947369,0.5596564608184915,6.943756941176468E7
51097,King and Queen,2021-04-16,2021,15.0,0.08319291232551086,0.28850702913210596,0.5582150018855179,6.813610235294119E7
51033,Caroline,2021-04-16,2021,15.0,,,,6.67682294117647E7
51093,Isle of Wight,2021-04-16,2021,15.0,0.0943091226537127,0.2999597259281941,0.5263494582748433,6.16024623529412E7
51193,Westmoreland,2021-04-16,2021,15.0,0.09028956895200478,0.30150509185240926,0.5443411736926245,6.1057701176470585E7
51171,Shenandoah,2021-04-16,2021,15.0,0.10732625000000001,0.40814187500000004,0.6114852130413055,5.776891764705879E7
51165,Rockingham,2021-04-23,2021,16.0,,,,1.4536741764705878E8
51001,Accomack,2021-04-23,2021,16.0,,,,1.1947461176470588E8
51015,Augusta,2021-04-23,2021,16.0,0.05523826605902779,0.30493103298611113,0.6780291278093821,9.990757764705883E7
51175,Southampton,2021-04-23,2021,16.0,0.09616317259324916,0.2964197471902292,0.5223573796337482,8.448777882352939E7
51057,Essex,2021-04-23,2021,16.0,0.08701761578670993,0.2984610176985869,0.5478911645072918,6.943756941176468E7
51097,King and Queen,2021-04-23,2021,16.0,0.08694099752935422,0.2943091776663405,0.5509153414140009,6.813610235294119E7
51033,Caroline,2021-04-23,2021,16.0,0.07928027384027216,0.3021103068563845,0.5885022566923833,6.67682294117647E7
51093,Isle of Wight,2021-04-23,2021,16.0,0.09580416733990865,0.2980616355011727,0.5242269399555125,6.16024623529412E7
51193,Westmoreland,2021-04-23,2021,16.0,0.09074332733155031,0.29849514584182885,0.5381240923525901,6.1057701176470585E7
51171,Shenandoah,2021-04-23,2021,16.0,,,,5.776891764705879E7
51165,Rockingham,2021-04-30,2021,17.0,0.10037503985549218,0.38600708251281474,0.590324795825065,1.4536741764705878E8
51001,Accomack,2021-04-30,2021,17.0,0.10225665011946629,0.3216738209563243,0.522121653375196,1.1947461176470588E8
51015,Augusta,2021-04-30,2021,17.0,0.09082328581246174,0.3867354495647523,0.6209977956642337,9.990757764705883E7
51175,Southampton,2021-04-30,2021,17.0,0.10868527452731416,0.3473846642442158,0.5369292500752106,8.448777882352939E7
51057,Essex,2021-04-30,2021,17.0,0.10040388888888889,0.30277944444444443,0.46581749618053436,6.943756941176468E7
51097,King and Queen,2021-04-30,2021,17.0,0.10265104136560697,0.344497565932081,0.547162230950215,6.813610235294119E7
51033,Caroline,2021-04-30,2021,17.0,,,,6.67682294117647E7
51093,Isle of Wight,2021-04-30,2021,17.0,0.1072682851123753,0.3467679074516668,0.5380189886485299,6.16024623529412E7
51193,Westmoreland,2021-04-30,2021,17.0,0.095178782803586,0.35141288029747353,0.5824610933054242,6.1057701176470585E7
51171,Shenandoah,2021-04-30,2021,17.0,,,,5.776891764705879E7
51165,Rockingham,2021-05-07,2021,18.0,0.11292558593431669,0.41883114191997395,0.5755752964820656,1.4536741764705878E8
51001,Accomack,2021-05-07,2021,18.0,,,,1.1947461176470588E8
51015,Augusta,2021-05-07,2021,18.0,0.0856084290623091,0.396003635804826,0.655067604739235,9.990757764705883E7
51175,Southampton,2021-05-07,2021,18.0,0.11563005441265772,0.3415733721749881,0.512916886221637,8.448777882352939E7
51057,Essex,2021-05-07,2021,18.0,0.09086303794492948,0.3317708869087593,0.5721182799153869,6.943756941176468E7
51097,King and Queen,2021-05-07,2021,18.0,0.08955680996997623,0.33422120949373635,0.5857569676634257,6.813610235294119E7
51033,Caroline,2021-05-07,2021,18.0,0.08743822714919403,0.3406841384741139,0.5994287210380594,6.67682294117647E7
51093,Isle of Wight,2021-05-07,2021,18.0,0.10727747684030499,0.33948941519543224,0.5345430299047712,6.16024623529412E7
51193,Westmoreland,2021-05-07,2021,18.0,0.09371772634867716,0.33514126990932874,0.5668865298814483,6.1057701176470585E7
51171,Shenandoah,2021-05-07,2021,18.0,,,,5.776891764705879E7
51165,Rockingham,2021-05-14,2021,19.0,0.1168389701809663,0.3719944088482824,0.5274879516991647,1.4536741764705878E8
51001,Accomack,2021-05-14,2021,19.0,,,,1.1947461176470588E8
51015,Augusta,2021-05-14,2021,19.0,0.110638212662441,0.38316073042749293,0.5583831133938031,9.990757764705883E7
51175,Southampton,2021-05-14,2021,19.0,,,,8.448777882352939E7
51057,Essex,2021-05-14,2021,19.0,,,,6.943756941176468E7
51097,King and Queen,2021-05-14,2021,19.0,,,,6.813610235294119E7
51033,Caroline,2021-05-14,2021,19.0,0.05899500000000002,0.32659750000000004,0.6940034031867981,6.67682294117647E7
51093,Isle of Wight,2021-05-14,2021,19.0,,,,6.16024623529412E7
51193,Westmoreland,2021-05-14,2021,19.0,,,,6.1057701176470585E7
51171,Shenandoah,2021-05-14,2021,19.0,0.1041255840870531,0.36827444029440837,0.5654019786153335,5.776891764705879E7
51165,Rockingham,2021-05-21,2021,20.0,0.09384670530096165,0.3326681094918675,0.5631082832006552,1.4536741764705878E8
51001,Accomack,2021-05-21,2021,20.0,,,,1.1947461176470588E8
51015,Augusta,2021-05-21,2021,20.0,0.10200320834908928,0.362470301963194,0.5737370050682413,9.990757764705883E7
51175,Southampton,2021-05-21,2021,20.0,0.10542875000000002,0.378655,0.565741702914238,8.448777882352939E7
51057,Essex,2021-05-21,2021,20.0,,,,6.943756941176468E7
51097,King and Queen,2021-05-21,2021,20.0,,,,6.813610235294119E7
51033,Caroline,2021-05-21,2021,20.0,,,,6.67682294117647E7
51093,Isle of Wight,2021-05-21,2021,20.0,,,,6.16024623529412E7
51193,Westmoreland,2021-05-21,2021,20.0,,,,6.1057701176470585E7
51171,Shenandoah,2021-05-21,2021,20.0,,,,5.776891764705879E7
51165,Rockingham,2021-05-28,2021,21.0,,,,1.4536741764705878E8
51001,Accomack,2021-05-28,2021,21.0,,,,1.1947461176470588E8
51015,Augusta,2021-05-28,2021,21.0,,,,9.990757764705883E7
51175,Southampton,2021-05-28,2021,21.0,,,,8.448777882352939E7
51057,Essex,2021-05-28,2021,21.0,,,,6.943756941176468E7
51097,King and Queen,2021-05-28,2021,21.0,,,,6.813610235294119E7
51033,Caroline,2021-05-28,2021,21.0,,,,6.67682294117647E7
51093,Isle of Wight,2021-05-28,2021,21.0,,,,6.16024623529412E7
51193,Westmoreland,2021-05-28,2021,21.0,,,,6.1057701176470585E7
51171,Shenandoah,2021-05-28,2021,21.0,,,,5.776891764705879E7
51165,Rockingham,2021-06-04,2021,22.0,0.1041304193932987,0.3386970105332998,0.532893982146019,1.4536741764705878E8
51001,Accomack,2021-06-04,2021,22.0,0.0962726876138433,0.3084706074421025,0.5276544858391353,1.1947461176470588E8
51015,Augusta,2021-06-04,2021,22.0,0.10182705656343072,0.3417696508888716,0.545217829997434,9.990757764705883E7
51175,Southampton,2021-06-04,2021,22.0,0.08414904101691194,0.3834504751262903,0.6442562007364692,8.448777882352939E7
51057,Essex,2021-06-04,2021,22.0,0.09880674999999998,0.36170675,0.5742887735366822,6.943756941176468E7
51097,King and Queen,2021-06-04,2021,22.0,0.09082523821721311,0.3831092776639344,0.6232782821275081,6.813610235294119E7
51033,Caroline,2021-06-04,2021,22.0,0.021127499999999994,0.33256500000000006,0.8805318474769592,6.67682294117647E7
51093,Isle of Wight,2021-06-04,2021,22.0,0.09370165688745372,0.36577628942860513,0.598973709333832,6.16024623529412E7
51193,Westmoreland,2021-06-04,2021,22.0,0.07773546780352908,0.3714031297735055,0.6529519840425445,6.1057701176470585E7
51171,Shenandoah,2021-06-04,2021,22.0,0.10048118004442974,0.35205804673672925,0.5618939002784185,5.776891764705879E7
51165,Rockingham,2021-06-11,2021,23.0,0.10172999999999999,0.36020250000000004,0.5595460534095764,1.4536741764705878E8
51001,Accomack,2021-06-11,2021,23.0,,,,1.1947461176470588E8
51015,Augusta,2021-06-11,2021,23.0,0.09031909646739131,0.34302464673913047,0.5849977034942906,9.990757764705883E7
51175,Southampton,2021-06-11,2021,23.0,0.06397709708388337,0.3188516395780834,0.6702065831711542,8.448777882352939E7
51057,Essex,2021-06-11,2021,23.0,0.05429747286402741,0.3492062832162323,0.7233643887401259,6.943756941176468E7
51097,King and Queen,2021-06-11,2021,23.0,0.0533314644774139,0.3428827160605512,0.728187158049109,6.813610235294119E7
51033,Caroline,2021-06-11,2021,23.0,0.05488125021100609,0.3458168555874409,0.7225679996057034,6.67682294117647E7
51093,Isle of Wight,2021-06-11,2021,23.0,0.06661195688875976,0.31668634837626686,0.6549009055216689,6.16024623529412E7
51193,Westmoreland,2021-06-11,2021,23.0,0.056125608180004435,0.3451327688428288,0.7047258479807652,6.1057701176470585E7
51171,Shenandoah,2021-06-11,2021,23.0,,,,5.776891764705879E7
51165,Rockingham,2021-06-18,2021,24.0,0.08381411639365935,0.36975862456101044,0.6311229344225776,1.4536741764705878E8
51001,Accomack,2021-06-18,2021,24.0,0.05856252405945235,0.3303556188127912,0.6894466849234865,1.1947461176470588E8
51015,Augusta,2021-06-18,2021,24.0,0.082087035795211,0.37084090037006906,0.639994667923436,9.990757764705883E7
51175,Southampton,2021-06-18,2021,24.0,0.0580540287045116,0.3896599733742237,0.7421266167249998,8.448777882352939E7
51057,Essex,2021-06-18,2021,24.0,0.04865194444444445,0.37959000000000004,0.753661228550805,6.943756941176468E7
51097,King and Queen,2021-06-18,2021,24.0,0.044761960601662994,0.41486965680891136,0.8017467509757623,6.813610235294119E7
51033,Caroline,2021-06-18,2021,24.0,0.06699750000000002,0.31909000000000004,0.6530961990356445,6.67682294117647E7
51093,Isle of Wight,2021-06-18,2021,24.0,0.06663496461500128,0.37842403883212905,0.7012863687709852,6.16024623529412E7
51193,Westmoreland,2021-06-18,2021,24.0,0.06218528517150171,0.4037440723791928,0.7289852007577291,6.1057701176470585E7
51171,Shenandoah,2021-06-18,2021,24.0,0.080633583641361,0.36726351374277316,0.6429064772821876,5.776891764705879E7
51165,Rockingham,2021-06-25,2021,25.0,0.060095405151195505,0.3870217773382559,0.7319372430244662,1.4536741764705878E8
51001,Accomack,2021-06-25,2021,25.0,,,,1.1947461176470588E8
51015,Augusta,2021-06-25,2021,25.0,0.06430656096185901,0.35507964663202285,0.6970960811623548,9.990757764705883E7
51175,Southampton,2021-06-25,2021,25.0,0.06822427683916307,0.3725420794622546,0.7011606477438829,8.448777882352939E7
51057,Essex,2021-06-25,2021,25.0,0.04952303222264656,0.3615808587335304,0.7526894370311966,6.943756941176468E7
51097,King and Queen,2021-06-25,2021,25.0,0.04538327591561096,0.3627746835658304,0.7776917582288456,6.813610235294119E7
51033,Caroline,2021-06-25,2021,25.0,0.05425907811122726,0.3571274903398726,0.7386836761450378,6.67682294117647E7
51093,Isle of Wight,2021-06-25,2021,25.0,0.06313131502098918,0.36334728235079405,0.7106297666248979,6.16024623529412E7
51193,Westmoreland,2021-06-25,2021,25.0,0.05511267666530741,0.3670795777213413,0.732498233032119,6.1057701176470585E7
51171,Shenandoah,2021-06-25,2021,25.0,,,,5.776891764705879E7
51165,Rockingham,2021-07-02,2021,26.0,0.06825447937323839,0.36584796675688014,0.6864127804115903,1.4536741764705878E8
51001,Accomack,2021-07-02,2021,26.0,,,,1.1947461176470588E8
51015,Augusta,2021-07-02,2021,26.0,0.06709525360167445,0.37351887425869695,0.6961962826015969,9.990757764705883E7
51175,Southampton,2021-07-02,2021,26.0,,,,8.448777882352939E7
51057,Essex,2021-07-02,2021,26.0,,,,6.943756941176468E7
51097,King and Queen,2021-07-02,2021,26.0,,,,6.813610235294119E7
51033,Caroline,2021-07-02,2021,26.0,0.036976773255813944,0.35278101744186047,0.810147157935209,6.67682294117647E7
51093,Isle of Wight,2021-07-02,2021,26.0,,,,6.16024623529412E7
51193,Westmoreland,2021-07-02,2021,26.0,,,,6.1057701176470585E7
51171,Shenandoah,2021-07-02,2021,26.0,0.05940863000783623,0.37991093636742096,0.7298939103695418,5.776891764705879E7
51165,Rockingham,2021-07-09,2021,27.0,0.07156843233032875,0.3893045579931073,0.7028587057183112,1.4536741764705878E8
51001,Accomack,2021-07-09,2021,27.0,0.04322721466042819,0.35256744754005376,0.7645184029643585,1.1947461176470588E8
51015,Augusta,2021-07-09,2021,27.0,0.06644403931761712,0.37151664731720296,0.7058676538774739,9.990757764705883E7
51175,Southampton,2021-07-09,2021,27.0,0.03949843937263386,0.3885766430502974,0.8136074812003508,8.448777882352939E7
51057,Essex,2021-07-09,2021,27.0,0.033475,0.338692,0.6532888680696487,6.943756941176468E7
51097,King and Queen,2021-07-09,2021,27.0,0.03586151858245329,0.3977207377132414,0.8235039247311864,6.813610235294119E7
51033,Caroline,2021-07-09,2021,27.0,,,,6.67682294117647E7
51093,Isle of Wight,2021-07-09,2021,27.0,0.05135383106014175,0.37435419957446303,0.7576685915127245,6.16024623529412E7
51193,Westmoreland,2021-07-09,2021,27.0,0.04655909709021788,0.4108492353901643,0.786145040185558,6.1057701176470585E7
51171,Shenandoah,2021-07-09,2021,27.0,,,,5.776891764705879E7
51165,Rockingham,2021-07-16,2021,28.0,,,,1.4536741764705878E8
51001,Accomack,2021-07-16,2021,28.0,,,,1.1947461176470588E8
51015,Augusta,2021-07-16,2021,28.0,,,,9.990757764705883E7
51175,Southampton,2021-07-16,2021,28.0,0.04454852636683399,0.3808280916064185,0.7928838997133084,8.448777882352939E7
51057,Essex,2021-07-16,2021,28.0,0.036472791023439206,0.3812300079753806,0.816701647910498,6.943756941176468E7
51097,King and Queen,2021-07-16,2021,28.0,0.03496811465264188,0.382819639016634,0.830953745427022,6.813610235294119E7
51033,Caroline,2021-07-16,2021,28.0,0.0402097777382829,0.3755219656214264,0.8071049301755521,6.67682294117647E7
51093,Isle of Wight,2021-07-16,2021,28.0,0.04911945774551588,0.3676059928464799,0.7643911802203183,6.16024623529412E7
51193,Westmoreland,2021-07-16,2021,28.0,0.04175540402257226,0.3756335484941758,0.7911792675374397,6.1057701176470585E7
51171,Shenandoah,2021-07-16,2021,28.0,,,,5.776891764705879E7
51165,Rockingham,2021-07-23,2021,29.0,0.07200693138260862,0.36525288623819163,0.6727570435925578,1.4536741764705878E8
51001,Accomack,2021-07-23,2021,29.0,0.09524239130434782,0.391264347826087,0.6127289481784987,1.1947461176470588E8
51015,Augusta,2021-07-23,2021,29.0,0.06517138739308899,0.36360969869168164,0.6959422958383447,9.990757764705883E7
51175,Southampton,2021-07-23,2021,29.0,0.047378295276617945,0.4179233967901879,0.7984425412284867,8.448777882352939E7
51057,Essex,2021-07-23,2021,29.0,0.04745050000000001,0.3360024999999999,0.6947621822357177,6.943756941176468E7
51097,King and Queen,2021-07-23,2021,29.0,0.04055796690940245,0.3853006644891841,0.8080804441120212,6.813610235294119E7
51033,Caroline,2021-07-23,2021,29.0,0.03807258561643835,0.3706600342465753,0.8143430409366137,6.67682294117647E7
51093,Isle of Wight,2021-07-23,2021,29.0,0.05016295233588072,0.4037833613487109,0.7777389868135863,6.16024623529412E7
51193,Westmoreland,2021-07-23,2021,29.0,0.05269861815127716,0.4169727399832025,0.7697821676710499,6.1057701176470585E7
51171,Shenandoah,2021-07-23,2021,29.0,0.058059492359581535,0.37691325199614517,0.7320697397839548,5.776891764705879E7
51165,Rockingham,2021-07-30,2021,30.0,0.06931349498327759,0.3957983026755852,0.7023591097726327,1.4536741764705878E8
51001,Accomack,2021-07-30,2021,30.0,,,,1.1947461176470588E8
51015,Augusta,2021-07-30,2021,30.0,0.07227053599120054,0.3555439485286162,0.6619966469755887,9.990757764705883E7
51175,Southampton,2021-07-30,2021,30.0,,,,8.448777882352939E7
51057,Essex,2021-07-30,2021,30.0,,,,6.943756941176468E7
51097,King and Queen,2021-07-30,2021,30.0,,,,6.813610235294119E7
51033,Caroline,2021-07-30,2021,30.0,,,,6.67682294117647E7
51093,Isle of Wight,2021-07-30,2021,30.0,,,,6.16024623529412E7
51193,Westmoreland,2021-07-30,2021,30.0,,,,6.1057701176470585E7
51171,Shenandoah,2021-07-30,2021,30.0,,,,5.776891764705879E7
51165,Rockingham,2021-08-06,2021,31.0,0.07640954868938994,0.3536748901786252,0.6462000562584506,1.4536741764705878E8
51001,Accomack,2021-08-06,2021,31.0,0.04194021203613009,0.35580390976080273,0.7795370535000371,1.1947461176470588E8
51015,Augusta,2021-08-06,2021,31.0,0.06758670853226419,0.35700631532488797,0.6815307774737291,9.990757764705883E7
51175,Southampton,2021-08-06,2021,31.0,0.03630044112929985,0.38979123799911497,0.8287822301679711,8.448777882352939E7
51057,Essex,2021-08-06,2021,31.0,0.03938199999999999,0.32376499999999997,0.726415503025055,6.943756941176468E7
51097,King and Queen,2021-08-06,2021,31.0,0.03457535930694943,0.38257666351069886,0.826947052603846,6.813610235294119E7
51033,Caroline,2021-08-06,2021,31.0,0.026780988372093015,0.3163153779069768,0.8425267255583475,6.67682294117647E7
51093,Isle of Wight,2021-08-06,2021,31.0,0.038840142278824284,0.3872673879914702,0.8157621836479452,6.16024623529412E7
51193,Westmoreland,2021-08-06,2021,31.0,0.03632991045458323,0.4071754721391177,0.8325361293467125,6.1057701176470585E7
51171,Shenandoah,2021-08-06,2021,31.0,0.06911525052123442,0.3664224546385168,0.6822970769990854,5.776891764705879E7
51165,Rockingham,2021-08-13,2021,32.0,,,,1.4536741764705878E8
51001,Accomack,2021-08-13,2021,32.0,,,,1.1947461176470588E8
51015,Augusta,2021-08-13,2021,32.0,,,,9.990757764705883E7
51175,Southampton,2021-08-13,2021,32.0,0.047186837389676405,0.3925273711219577,0.7906836949919432,8.448777882352939E7
51057,Essex,2021-08-13,2021,32.0,0.04232360673937177,0.39333559116437017,0.7945068205783955,6.943756941176468E7
51097,King and Queen,2021-08-13,2021,32.0,0.05049647222307526,0.3672231647882566,0.771555264086438,6.813610235294119E7
51033,Caroline,2021-08-13,2021,32.0,0.051168770914201564,0.36774109991968945,0.7504599053183802,6.67682294117647E7
51093,Isle of Wight,2021-08-13,2021,32.0,0.0511451635185264,0.37160879599624763,0.7693966882689258,6.16024623529412E7
51193,Westmoreland,2021-08-13,2021,32.0,0.059609706138959384,0.3705852375475889,0.7150454658608373,6.1057701176470585E7
51171,Shenandoah,2021-08-13,2021,32.0,,,,5.776891764705879E7
51165,Rockingham,2021-08-20,2021,33.0,0.05571103581395131,0.32927307655932,0.708325132589033,1.4536741764705878E8
51001,Accomack,2021-08-20,2021,33.0,0.04281350245412318,0.3392058956275848,0.7666703449488277,1.1947461176470588E8
51015,Augusta,2021-08-20,2021,33.0,0.05197757505257715,0.34024618066272366,0.7330103404378498,9.990757764705883E7
51175,Southampton,2021-08-20,2021,33.0,0.03931862427540194,0.35164823775019144,0.7943995129393239,8.448777882352939E7
51057,Essex,2021-08-20,2021,33.0,0.033046000000000006,0.2895715,0.6239759027957916,6.943756941176468E7
51097,King and Queen,2021-08-20,2021,33.0,0.04131293697033896,0.32807940625,0.7688667403755046,6.813610235294119E7
51033,Caroline,2021-08-20,2021,33.0,0.030080029069767433,0.3194459011627907,0.8267357169195664,6.67682294117647E7
51093,Isle of Wight,2021-08-20,2021,33.0,0.04351909339491052,0.3661367358276066,0.7848494201891814,6.16024623529412E7
51193,Westmoreland,2021-08-20,2021,33.0,0.0413708460455825,0.35988750227004457,0.7842160613670733,6.1057701176470585E7
51171,Shenandoah,2021-08-20,2021,33.0,0.044183727647783985,0.35133721456296463,0.7742937570355827,5.776891764705879E7
51165,Rockingham,2021-08-27,2021,34.0,,,,1.4536741764705878E8
51001,Accomack,2021-08-27,2021,34.0,,,,1.1947461176470588E8
51015,Augusta,2021-08-27,2021,34.0,,,,9.990757764705883E7
51175,Southampton,2021-08-27,2021,34.0,0.03844417197911426,0.34916592433520277,0.7957526302822875,8.448777882352939E7
51057,Essex,2021-08-27,2021,34.0,0.03614013214865381,0.30794960493841894,0.7783186579456758,6.943756941176468E7
51097,King and Queen,2021-08-27,2021,34.0,0.035064569960861075,0.30276760936888464,0.7828121807628883,6.813610235294119E7
51033,Caroline,2021-08-27,2021,34.0,0.03593171105969292,0.3202594773409794,0.792746010552954,6.67682294117647E7
51093,Isle of Wight,2021-08-27,2021,34.0,0.04237881549168543,0.33913397809173235,0.7759705697484383,6.16024623529412E7
51193,Westmoreland,2021-08-27,2021,34.0,0.03901670697006406,0.3135121777177433,0.7596547467748049,6.1057701176470585E7
51171,Shenandoah,2021-08-27,2021,34.0,,,,5.776891764705879E7
51165,Rockingham,2021-09-03,2021,35.0,,,,1.4536741764705878E8
51001,Accomack,2021-09-03,2021,35.0,,,,1.1947461176470588E8
51015,Augusta,2021-09-03,2021,35.0,0.08105000000000001,0.23067749999999998,0.479994535446167,9.990757764705883E7
51175,Southampton,2021-09-03,2021,35.0,,,,8.448777882352939E7
51057,Essex,2021-09-03,2021,35.0,,,,6.943756941176468E7
51097,King and Queen,2021-09-03,2021,35.0,,,,6.813610235294119E7
51033,Caroline,2021-09-03,2021,35.0,,,,6.67682294117647E7
51093,Isle of Wight,2021-09-03,2021,35.0,,,,6.16024623529412E7
51193,Westmoreland,2021-09-03,2021,35.0,,,,6.1057701176470585E7
51171,Shenandoah,2021-09-03,2021,35.0,,,,5.776891764705879E7
51165,Rockingham,2021-09-10,2021,36.0,,,,1.4536741764705878E8
51001,Accomack,2021-09-10,2021,36.0,0.05668634767080748,0.2858133416731368,0.6595028104370253,1.1947461176470588E8
51015,Augusta,2021-09-10,2021,36.0,,,,9.990757764705883E7
51175,Southampton,2021-09-10,2021,36.0,0.04347900701553594,0.31619049392234155,0.7511682821234519,8.448777882352939E7
51057,Essex,2021-09-10,2021,36.0,0.05026649999999999,0.263826,0.662736976146698,6.943756941176468E7
51097,King and Queen,2021-09-10,2021,36.0,0.051753647940751414,0.2773482388005781,0.6827658294199432,6.813610235294119E7
51033,Caroline,2021-09-10,2021,36.0,,,,6.67682294117647E7
51093,Isle of Wight,2021-09-10,2021,36.0,0.04934563953781931,0.33854588943683334,0.7444242028615505,6.16024623529412E7
51193,Westmoreland,2021-09-10,2021,36.0,0.07283483333333335,0.3547703333333333,0.6560664971669515,6.1057701176470585E7
51171,Shenandoah,2021-09-10,2021,36.0,,,,5.776891764705879E7
51165,Rockingham,2021-09-17,2021,37.0,,,,1.4536741764705878E8
51001,Accomack,2021-09-17,2021,37.0,,,,1.1947461176470588E8
51015,Augusta,2021-09-17,2021,37.0,,,,9.990757764705883E7
51175,Southampton,2021-09-17,2021,37.0,0.04639768960127476,0.3263590298557389,0.7576287823989724,8.448777882352939E7
51057,Essex,2021-09-17,2021,37.0,0.05572224560856457,0.2765350959164848,0.657144433120425,6.943756941176468E7
51097,King and Queen,2021-09-17,2021,37.0,0.07074911946497482,0.2934815337824579,0.6288970064887649,6.813610235294119E7
51033,Caroline,2021-09-17,2021,37.0,0.05176936722750549,0.301249954279444,0.7127322584824979,6.67682294117647E7
51093,Isle of Wight,2021-09-17,2021,37.0,0.0504305320616194,0.32164814974643535,0.7299216501539554,6.16024623529412E7
51193,Westmoreland,2021-09-17,2021,37.0,0.060177604109131914,0.2914778599086348,0.650283057136108,6.1057701176470585E7
51171,Shenandoah,2021-09-17,2021,37.0,,,,5.776891764705879E7
51165,Rockingham,2021-09-24,2021,38.0,0.06156088039599107,0.33772792612467434,0.6907877103339368,1.4536741764705878E8
51001,Accomack,2021-09-24,2021,38.0,0.06319151543911712,0.2828505338812663,0.6315416999964515,1.1947461176470588E8
51015,Augusta,2021-09-24,2021,38.0,0.05608705888083695,0.34343540445446996,0.7201453497271905,9.990757764705883E7
51175,Southampton,2021-09-24,2021,38.0,0.05395044803533099,0.30102277099327235,0.7013395212914204,8.448777882352939E7
51057,Essex,2021-09-24,2021,38.0,0.05642964285714285,0.2416067857142857,0.6061174997261592,6.943756941176468E7
51097,King and Queen,2021-09-24,2021,38.0,0.05979898194111606,0.26690338368709354,0.6315082242200327,6.813610235294119E7
51033,Caroline,2021-09-24,2021,38.0,0.05650624999999998,0.29368,0.6771028637886047,6.67682294117647E7
51093,Isle of Wight,2021-09-24,2021,38.0,0.05550741041673676,0.3293719752499412,0.7132783724715246,6.16024623529412E7
51193,Westmoreland,2021-09-24,2021,38.0,0.06167748216136492,0.28817426343378766,0.6451827481687236,6.1057701176470585E7
51171,Shenandoah,2021-09-24,2021,38.0,0.04628298695790153,0.335901968764876,0.7547526212225276,5.776891764705879E7
51165,Rockingham,2021-10-01,2021,39.0,0.06674540536083065,0.3202056012649151,0.6528996897407454,1.4536741764705878E8
51001,Accomack,2021-10-01,2021,39.0,,,,1.1947461176470588E8
51015,Augusta,2021-10-01,2021,39.0,0.05110275323772447,0.32185676328857454,0.7252447234263923,9.990757764705883E7
51175,Southampton,2021-10-01,2021,39.0,0.06885675119535521,0.30064595713797815,0.6340321187879308,8.448777882352939E7
51057,Essex,2021-10-01,2021,39.0,0.09106867118091044,0.3200628203376837,0.5667985942915033,6.943756941176468E7
51097,King and Queen,2021-10-01,2021,39.0,0.07971211435298686,0.28868750273078136,0.5758572736868544,6.813610235294119E7
51033,Caroline,2021-10-01,2021,39.0,0.061039109706397914,0.28021127679666985,0.6494577200218422,6.67682294117647E7
51093,Isle of Wight,2021-10-01,2021,39.0,0.0678604761904762,0.35245928571428575,0.6826744718211037,6.16024623529412E7
51193,Westmoreland,2021-10-01,2021,39.0,0.08184120693646971,0.284585392433784,0.5560227329531386,6.1057701176470585E7
51171,Shenandoah,2021-10-01,2021,39.0,,,,5.776891764705879E7
51165,Rockingham,2021-10-15,2021,41.0,0.05185319365132686,0.30129825483468503,0.7046095721122942,1.4536741764705878E8
51001,Accomack,2021-10-15,2021,41.0,,,,1.1947461176470588E8
51015,Augusta,2021-10-15,2021,41.0,0.04963671324338044,0.28484156281194484,0.7009238261532516,9.990757764705883E7
51175,Southampton,2021-10-15,2021,41.0,0.0625551645374899,0.24690655051322977,0.6065035796995569,8.448777882352939E7
51057,Essex,2021-10-15,2021,41.0,0.06811756483912544,0.23550994432642727,0.5578333953905872,6.943756941176468E7
51097,King and Queen,2021-10-15,2021,41.0,0.0658645718444227,0.24363102546477491,0.586229009989598,6.813610235294119E7
51033,Caroline,2021-10-15,2021,41.0,0.061706784791833266,0.24472351565863096,0.6075553133331328,6.67682294117647E7
51093,Isle of Wight,2021-10-15,2021,41.0,0.06174071783025318,0.24945135820962522,0.6105594311408061,6.16024623529412E7
51193,Westmoreland,2021-10-15,2021,41.0,0.06943038866667468,0.24461596857084605,0.555659800818152,6.1057701176470585E7
51171,Shenandoah,2021-10-15,2021,41.0,,,,5.776891764705879E7
51165,Rockingham,2021-10-22,2021,42.0,0.06562627660896206,0.30120368332746583,0.6392734857698043,1.4536741764705878E8
51001,Accomack,2021-10-22,2021,42.0,,,,1.1947461176470588E8
51015,Augusta,2021-10-22,2021,42.0,0.05824231465630062,0.30130862536166775,0.6731063746554854,9.990757764705883E7
51175,Southampton,2021-10-22,2021,42.0,,,,8.448777882352939E7
51057,Essex,2021-10-22,2021,42.0,,,,6.943756941176468E7
51097,King and Queen,2021-10-22,2021,42.0,,,,6.813610235294119E7
51033,Caroline,2021-10-22,2021,42.0,0.03622500000000001,0.24638000000000002,0.7353622317314148,6.67682294117647E7
51093,Isle of Wight,2021-10-22,2021,42.0,,,,6.16024623529412E7
51193,Westmoreland,2021-10-22,2021,42.0,,,,6.1057701176470585E7
51171,Shenandoah,2021-10-22,2021,42.0,0.05884347660112049,0.2751179215948344,0.6426802149315379,5.776891764705879E7
51165,Rockingham,2021-10-29,2021,43.0,0.05432740609575021,0.2952853283638989,0.6799256782386021,1.4536741764705878E8
51001,Accomack,2021-10-29,2021,43.0,,,,1.1947461176470588E8
51015,Augusta,2021-10-29,2021,43.0,0.053679792652758275,0.27570048480662995,0.6695752213083234,9.990757764705883E7
51175,Southampton,2021-10-29,2021,43.0,0.16966187500000002,0.34267468749999996,0.4600538220256567,8.448777882352939E7
51057,Essex,2021-10-29,2021,43.0,,,,6.943756941176468E7
51097,King and Queen,2021-10-29,2021,43.0,,,,6.813610235294119E7
51033,Caroline,2021-10-29,2021,43.0,,,,6.67682294117647E7
51093,Isle of Wight,2021-10-29,2021,43.0,0.08111497622747044,0.2748589820540708,0.5724648854242044,6.16024623529412E7
51193,Westmoreland,2021-10-29,2021,43.0,,,,6.1057701176470585E7
51171,Shenandoah,2021-10-29,2021,43.0,,,,5.776891764705879E7
51165,Rockingham,2021-11-05,2021,44.0,,,,1.4536741764705878E8
51001,Accomack,2021-11-05,2021,44.0,,,,1.1947461176470588E8
51015,Augusta,2021-11-05,2021,44.0,,,,9.990757764705883E7
51175,Southampton,2021-11-05,2021,44.0,0.06040751250633654,0.20609518701141907,0.55509675285315,8.448777882352939E7
51057,Essex,2021-11-05,2021,44.0,0.06893645938753105,0.2240163650109795,0.5319013625894119,6.943756941176468E7
51097,King and Queen,2021-11-05,2021,44.0,0.07258492859029209,0.2392197860877832,0.5507805935783884,6.813610235294119E7
51033,Caroline,2021-11-05,2021,44.0,0.06458490828907541,0.23420056232519398,0.5757329798851266,6.67682294117647E7
51093,Isle of Wight,2021-11-05,2021,44.0,0.05997909213115506,0.20786079454969783,0.5555819291335042,6.16024623529412E7
51193,Westmoreland,2021-11-05,2021,44.0,0.07412216028170933,0.23403947655824728,0.5264319901781812,6.1057701176470585E7
51171,Shenandoah,2021-11-05,2021,44.0,,,,5.776891764705879E7
51165,Rockingham,2021-11-12,2021,45.0,0.0666660955982059,0.29624216206321086,0.6225337209635137,1.4536741764705878E8
51001,Accomack,2021-11-12,2021,45.0,0.08236854180829367,0.1979935163154317,0.39720723091705085,1.1947461176470588E8
51015,Augusta,2021-11-12,2021,45.0,0.06649149778224235,0.2969087932498107,0.6266208651960423,9.990757764705883E7
51175,Southampton,2021-11-12,2021,45.0,0.08396598572064179,0.27703420549345126,0.5415266371735317,8.448777882352939E7
51057,Essex,2021-11-12,2021,45.0,,,,6.943756941176468E7
51097,King and Queen,2021-11-12,2021,45.0,,,,6.813610235294119E7
51033,Caroline,2021-11-12,2021,45.0,0.0490778125,0.19685642857142854,0.6019727396113531,6.67682294117647E7
51093,Isle of Wight,2021-11-12,2021,45.0,0.08017891639059192,0.24928031364634495,0.5196391541523161,6.16024623529412E7
51193,Westmoreland,2021-11-12,2021,45.0,,,,6.1057701176470585E7
51171,Shenandoah,2021-11-12,2021,45.0,0.06911263591367929,0.26307493793254944,0.5772888770535842,5.776891764705879E7
51165,Rockingham,2021-11-19,2021,46.0,0.07092026308691526,0.3344463064258587,0.6402547453405859,1.4536741764705878E8
51001,Accomack,2021-11-19,2021,46.0,,,,1.1947461176470588E8
51015,Augusta,2021-11-19,2021,46.0,0.07493552702077488,0.29003274313846933,0.586337056846044,9.990757764705883E7
51175,Southampton,2021-11-19,2021,46.0,0.08694473703125734,0.2494832563365961,0.4920380308655479,8.448777882352939E7
51057,Essex,2021-11-19,2021,46.0,0.10424954545454543,0.2432902272727272,0.4059925296089866,6.943756941176468E7
51097,King and Queen,2021-11-19,2021,46.0,,,,6.813610235294119E7
51033,Caroline,2021-11-19,2021,46.0,0.11713947667242654,0.2603528579363121,0.3856126461329798,6.67682294117647E7
51093,Isle of Wight,2021-11-19,2021,46.0,0.09315939712946467,0.2416802667964411,0.45053640994956734,6.16024623529412E7
51193,Westmoreland,2021-11-19,2021,46.0,0.09526071298898223,0.23410795705581222,0.42470150994262656,6.1057701176470585E7
51171,Shenandoah,2021-11-19,2021,46.0,,,,5.776891764705879E7
51165,Rockingham,2021-11-26,2021,47.0,0.08709431002004844,0.313607603755952,0.5586143161646854,1.4536741764705878E8
51001,Accomack,2021-11-26,2021,47.0,0.121805,0.2982725,0.4200831949710846,1.1947461176470588E8
51015,Augusta,2021-11-26,2021,47.0,0.08863441309891835,0.3067026682949086,0.5472690225649373,9.990757764705883E7
51175,Southampton,2021-11-26,2021,47.0,0.0871597359525457,0.25903150042524364,0.5093715440906993,8.448777882352939E7
51057,Essex,2021-11-26,2021,47.0,0.109065625,0.31228375,0.47907981276512146,6.943756941176468E7
51097,King and Queen,2021-11-26,2021,47.0,0.08335400597644575,0.2557109351379856,0.5177784496157088,6.813610235294119E7
51033,Caroline,2021-11-26,2021,47.0,,,,6.67682294117647E7
51093,Isle of Wight,2021-11-26,2021,47.0,0.09333206601358933,0.25158239538977106,0.4729155739745716,6.16024623529412E7
51193,Westmoreland,2021-11-26,2021,47.0,,,,6.1057701176470585E7
51171,Shenandoah,2021-11-26,2021,47.0,0.09185731404176879,0.27794757146606125,0.5059653445795471,5.776891764705879E7
51165,Rockingham,2021-12-03,2021,48.0,,,,1.4536741764705878E8
51001,Accomack,2021-12-03,2021,48.0,,,,1.1947461176470588E8
51015,Augusta,2021-12-03,2021,48.0,,,,9.990757764705883E7
51175,Southampton,2021-12-03,2021,48.0,0.10298115710792302,0.261649704157157,0.45487195273622616,8.448777882352939E7
51057,Essex,2021-12-03,2021,48.0,0.0825768570269238,0.23864846873209852,0.4847679710129112,6.943756941176468E7
51097,King and Queen,2021-12-03,2021,48.0,0.07674484187235717,0.23883664615498096,0.5198271525616561,6.813610235294119E7
51033,Caroline,2021-12-03,2021,48.0,0.08256981568886707,0.24004778719020983,0.49673166306859257,6.67682294117647E7
51093,Isle of Wight,2021-12-03,2021,48.0,0.09919519791084039,0.2325834041544963,0.4138565858356415,6.16024623529412E7
51193,Westmoreland,2021-12-03,2021,48.0,0.09026701321815282,0.2379398874888859,0.44950872192842234,6.1057701176470585E7
51171,Shenandoah,2021-12-03,2021,48.0,,,,5.776891764705879E7
51165,Rockingham,2021-12-10,2021,49.0,0.0919226309729207,0.31685574075262435,0.5439075374257384,1.4536741764705878E8
51001,Accomack,2021-12-10,2021,49.0,0.08272707017735452,0.24616527175432484,0.4977413247808371,1.1947461176470588E8
51015,Augusta,2021-12-10,2021,49.0,0.09603569836374053,0.3037652096081608,0.5170598819633985,9.990757764705883E7
51175,Southampton,2021-12-10,2021,49.0,0.07600240848263656,0.2453876675514266,0.5353374117959337,8.448777882352939E7
51057,Essex,2021-12-10,2021,49.0,0.05705899999999999,0.20720075,0.5613595843315125,6.943756941176468E7
51097,King and Queen,2021-12-10,2021,49.0,0.07613279320000005,0.24949983760000008,0.5392805211758613,6.813610235294119E7
51033,Caroline,2021-12-10,2021,49.0,0.07897375000000001,0.198585,0.43230539560317993,6.67682294117647E7
51093,Isle of Wight,2021-12-10,2021,49.0,0.08600450689802622,0.23785680814372187,0.4763783364599341,6.16024623529412E7
51193,Westmoreland,2021-12-10,2021,49.0,0.08296818354218569,0.24625444362845347,0.49714744016453327,6.1057701176470585E7
51171,Shenandoah,2021-12-10,2021,49.0,0.10130917343153104,0.28439575157336666,0.4778762583456913,5.776891764705879E7
51165,Rockingham,2021-12-17,2021,50.0,,,,1.4536741764705878E8
51001,Accomack,2021-12-17,2021,50.0,,,,1.1947461176470588E8
51015,Augusta,2021-12-17,2021,50.0,,,,9.990757764705883E7
51175,Southampton,2021-12-17,2021,50.0,0.06477815704786118,0.2195879624868908,0.5499412606983992,8.448777882352939E7
51057,Essex,2021-12-17,2021,50.0,0.07141377170851632,0.2222273617529119,0.5098611068395594,6.943756941176468E7
51097,King and Queen,2021-12-17,2021,50.0,0.0674382329745597,0.22583828571428566,0.5450040574575941,6.813610235294119E7
51033,Caroline,2021-12-17,2021,50.0,0.07292152555705889,0.22653962898191976,0.5185163508914882,6.67682294117647E7
51093,Isle of Wight,2021-12-17,2021,50.0,0.07217198412831989,0.21071946456222443,0.49601885264834283,6.16024623529412E7
51193,Westmoreland,2021-12-17,2021,50.0,0.07908927387920073,0.221200982453405,0.4727938426739606,6.1057701176470585E7
51171,Shenandoah,2021-12-17,2021,50.0,,,,5.776891764705879E7
51165,Rockingham,2022-01-01,2022,0.0,0.12134901902424794,0.255056595437096,0.37188690282533676,1.4536741764705878E8
51001,Accomack,2022-01-01,2022,0.0,,,,1.1947461176470588E8
51015,Augusta,2022-01-01,2022,0.0,0.21317487108980826,0.30859356079717454,0.239399910061108,9.990757764705883E7
51175,Southampton,2022-01-01,2022,0.0,,,,8.448777882352939E7
51057,Essex,2022-01-01,2022,0.0,,,,6.943756941176468E7
51097,King and Queen,2022-01-01,2022,0.0,,,,6.813610235294119E7
51033,Caroline,2022-01-01,2022,0.0,,,,6.67682294117647E7
51093,Isle of Wight,2022-01-01,2022,0.0,,,,6.16024623529412E7
51193,Westmoreland,2022-01-01,2022,0.0,,,,6.1057701176470585E7
51171,Shenandoah,2022-01-01,2022,0.0,,,,5.776891764705879E7
51165,Rockingham,2022-01-08,2022,1.0,,,,1.4536741764705878E8
51001,Accomack,2022-01-08,2022,1.0,,,,1.1947461176470588E8
51015,Augusta,2022-01-08,2022,1.0,,,,9.990757764705883E7
51175,Southampton,2022-01-08,2022,1.0,0.06362035738150705,0.22339859054376385,0.5617582136519216,8.448777882352939E7
51057,Essex,2022-01-08,2022,1.0,0.1440864922694926,0.2861418025776889,0.40306024458441453,6.943756941176468E7
51097,King and Queen,2022-01-08,2022,1.0,0.06938174296306747,0.23599431036046012,0.5483341273933302,6.813610235294119E7
51033,Caroline,2022-01-08,2022,1.0,0.306092731969827,0.40922504413362293,0.252752528325129,6.67682294117647E7
51093,Isle of Wight,2022-01-08,2022,1.0,0.06872348597888947,0.212518870237211,0.5170947315897714,6.16024623529412E7
51193,Westmoreland,2022-01-08,2022,1.0,0.16054074427606807,0.2947746174500469,0.34967877334045844,6.1057701176470585E7
51171,Shenandoah,2022-01-08,2022,1.0,,,,5.776891764705879E7
51165,Rockingham,2022-01-15,2022,2.0,,,,1.4536741764705878E8
51001,Accomack,2022-01-15,2022,2.0,0.07121259128582892,0.2368273086474201,0.5301298554761138,1.1947461176470588E8
51015,Augusta,2022-01-15,2022,2.0,,,,9.990757764705883E7
51175,Southampton,2022-01-15,2022,2.0,0.0717581689364283,0.2343631269642168,0.539467796332493,8.448777882352939E7
51057,Essex,2022-01-15,2022,2.0,0.0499475,0.20086357142857145,0.4007369875907898,6.943756941176468E7
51097,King and Queen,2022-01-15,2022,2.0,0.06643647658744235,0.23499495610145438,0.5500307262007248,6.813610235294119E7
51033,Caroline,2022-01-15,2022,2.0,,,,6.67682294117647E7
51093,Isle of Wight,2022-01-15,2022,2.0,0.06995064481517375,0.21941497127232448,0.5209716662608228,6.16024623529412E7
51193,Westmoreland,2022-01-15,2022,2.0,0.0715965046762164,0.23570481383923272,0.528083510527597,6.1057701176470585E7
51171,Shenandoah,2022-01-15,2022,2.0,,,,5.776891764705879E7
51165,Rockingham,2022-01-22,2022,3.0,0.7815201751866743,0.7346202116901961,-0.025170793823874073,1.4536741764705878E8
51001,Accomack,2022-01-22,2022,3.0,,,,1.1947461176470588E8
51015,Augusta,2022-01-22,2022,3.0,0.734372494535301,0.6801928641802955,-0.026838050700345582,9.990757764705883E7
51175,Southampton,2022-01-22,2022,3.0,0.16346641140848936,0.31141670858326853,0.35166337477687465,8.448777882352939E7
51057,Essex,2022-01-22,2022,3.0,0.07654001535946156,0.23278157596190557,0.5000846698521302,6.943756941176468E7
51097,King and Queen,2022-01-22,2022,3.0,0.07905737516805257,0.2438314854603395,0.5162997202896261,6.813610235294119E7
51033,Caroline,2022-01-22,2022,3.0,0.07679060776687911,0.23308242977893698,0.5065337561647814,6.67682294117647E7
51093,Isle of Wight,2022-01-22,2022,3.0,0.24242594068951848,0.365808045684392,0.2427240382310857,6.16024623529412E7
51193,Westmoreland,2022-01-22,2022,3.0,0.07968481707428479,0.22174507843805963,0.4624076686376301,6.1057701176470585E7
51171,Shenandoah,2022-01-22,2022,3.0,,,,5.776891764705879E7
51165,Rockingham,2022-01-29,2022,4.0,0.6593531520329621,0.6623879907967093,0.008452235393905572,1.4536741764705878E8
51001,Accomack,2022-01-29,2022,4.0,,,,1.1947461176470588E8
51015,Augusta,2022-01-29,2022,4.0,0.6302506135118463,0.6202653385541916,0.001977091058862966,9.990757764705883E7
51175,Southampton,2022-01-29,2022,4.0,0.31980095588235297,0.4700892647058823,0.20771808878463857,8.448777882352939E7
51057,Essex,2022-01-29,2022,4.0,0.09741250000000001,0.30778750000000005,0.5191880464553833,6.943756941176468E7
51097,King and Queen,2022-01-29,2022,4.0,0.0782573275862069,0.2582391379310345,0.5264154600686041,6.813610235294119E7
51033,Caroline,2022-01-29,2022,4.0,0.12989,0.20543250000000002,0.22528311610221863,6.67682294117647E7
51093,Isle of Wight,2022-01-29,2022,4.0,0.3645498365704384,0.4850165390560351,0.15288805262743987,6.16024623529412E7
51193,Westmoreland,2022-01-29,2022,4.0,0.13872258152173914,0.2970684782608695,0.361631198907676,6.1057701176470585E7
51171,Shenandoah,2022-01-29,2022,4.0,0.5918125780047062,0.641997342864821,0.04943369805188614,5.776891764705879E7
51165,Rockingham,2022-02-05,2022,5.0,,,,1.4536741764705878E8
51001,Accomack,2022-02-05,2022,5.0,,,,1.1947461176470588E8
51015,Augusta,2022-02-05,2022,5.0,0.2902929166666667,0.33043833333333333,0.08906065164289127,9.990757764705883E7
51175,Southampton,2022-02-05,2022,5.0,0.06811494562594549,0.22974734719115733,0.547319837485629,8.448777882352939E7
51057,Essex,2022-02-05,2022,5.0,0.0755803807523391,0.23057410456845506,0.501501614891905,6.943756941176468E7
51097,King and Queen,2022-02-05,2022,5.0,0.07275301105675143,0.23623860785225054,0.5305568038068581,6.813610235294119E7
51033,Caroline,2022-02-05,2022,5.0,0.07722173299356337,0.22848141447840445,0.49853409706221763,6.67682294117647E7
51093,Isle of Wight,2022-02-05,2022,5.0,0.07292541812535755,0.22059818917539065,0.508412028420136,6.16024623529412E7
51193,Westmoreland,2022-02-05,2022,5.0,0.07974315664803674,0.22254226957350864,0.4627865580088211,6.1057701176470585E7
51171,Shenandoah,2022-02-05,2022,5.0,,,,5.776891764705879E7
51165,Rockingham,2022-02-12,2022,6.0,0.16286250000000002,0.33388500000000004,0.3442845642566681,1.4536741764705878E8
51001,Accomack,2022-02-12,2022,6.0,,,,1.1947461176470588E8
51015,Augusta,2022-02-12,2022,6.0,0.3041514385150812,0.45258841502320185,0.2216084858493365,9.990757764705883E7
51175,Southampton,2022-02-12,2022,6.0,,,,8.448777882352939E7
51057,Essex,2022-02-12,2022,6.0,,,,6.943756941176468E7
51097,King and Queen,2022-02-12,2022,6.0,,,,6.813610235294119E7
51033,Caroline,2022-02-12,2022,6.0,0.07588,0.1919025,0.4351409077644348,6.67682294117647E7
51093,Isle of Wight,2022-02-12,2022,6.0,,,,6.16024623529412E7
51193,Westmoreland,2022-02-12,2022,6.0,,,,6.1057701176470585E7
51171,Shenandoah,2022-02-12,2022,6.0,,,,5.776891764705879E7
51165,Rockingham,2022-02-19,2022,7.0,0.13026423913043478,0.3276436956521739,0.4297908272432244,1.4536741764705878E8
51001,Accomack,2022-02-19,2022,7.0,,,,1.1947461176470588E8
51015,Augusta,2022-02-19,2022,7.0,0.07951953828828831,0.18028672297297296,0.3947726932463345,9.990757764705883E7
51175,Southampton,2022-02-19,2022,7.0,,,,8.448777882352939E7
51057,Essex,2022-02-19,2022,7.0,,,,6.943756941176468E7
51097,King and Queen,2022-02-19,2022,7.0,,,,6.813610235294119E7
51033,Caroline,2022-02-19,2022,7.0,0.06416499999999997,0.1422925,0.37841928005218506,6.67682294117647E7
51093,Isle of Wight,2022-02-19,2022,7.0,,,,6.16024623529412E7
51193,Westmoreland,2022-02-19,2022,7.0,,,,6.1057701176470585E7
51171,Shenandoah,2022-02-19,2022,7.0,,,,5.776891764705879E7
51165,Rockingham,2022-02-26,2022,8.0,0.10935230385812862,0.30826645327493635,0.4727645573505319,1.4536741764705878E8
51001,Accomack,2022-02-26,2022,8.0,,,,1.1947461176470588E8
51015,Augusta,2022-02-26,2022,8.0,0.11153384141257959,0.2894602875537093,0.44172173131991455,9.990757764705883E7
51175,Southampton,2022-02-26,2022,8.0,,,,8.448777882352939E7
51057,Essex,2022-02-26,2022,8.0,,,,6.943756941176468E7
51097,King and Queen,2022-02-26,2022,8.0,,,,6.813610235294119E7
51033,Caroline,2022-02-26,2022,8.0,,,,6.67682294117647E7
51093,Isle of Wight,2022-02-26,2022,8.0,,,,6.16024623529412E7
51193,Westmoreland,2022-02-26,2022,8.0,,,,6.1057701176470585E7
51171,Shenandoah,2022-02-26,2022,8.0,0.11766162135193518,0.2753786816922382,0.40187225744872307,5.776891764705879E7
51165,Rockingham,2022-03-05,2022,9.0,0.07611580986967958,0.30215147133548553,0.5925401688790789,1.4536741764705878E8
51001,Accomack,2022-03-05,2022,9.0,,,,1.1947461176470588E8
51015,Augusta,2022-03-05,2022,9.0,0.08927225308504377,0.2748453563180983,0.5067404522334088,9.990757764705883E7
51175,Southampton,2022-03-05,2022,9.0,,,,8.448777882352939E7
51057,Essex,2022-03-05,2022,9.0,,,,6.943756941176468E7
51097,King and Queen,2022-03-05,2022,9.0,,,,6.813610235294119E7
51033,Caroline,2022-03-05,2022,9.0,,,,6.67682294117647E7
51093,Isle of Wight,2022-03-05,2022,9.0,,,,6.16024623529412E7
51193,Westmoreland,2022-03-05,2022,9.0,,,,6.1057701176470585E7
51171,Shenandoah,2022-03-05,2022,9.0,,,,5.776891764705879E7
51165,Rockingham,2022-03-12,2022,10.0,,,,1.4536741764705878E8
51001,Accomack,2022-03-12,2022,10.0,,,,1.1947461176470588E8
51015,Augusta,2022-03-12,2022,10.0,,,,9.990757764705883E7
51175,Southampton,2022-03-12,2022,10.0,0.06465330512348141,0.23469859637908466,0.5705372641431852,8.448777882352939E7
51057,Essex,2022-03-12,2022,10.0,0.07233698706320411,0.25106927694767983,0.5441606459821141,6.943756941176468E7
51097,King and Queen,2022-03-12,2022,10.0,0.07218009403131116,0.2560506058708415,0.5592495057209889,6.813610235294119E7
51033,Caroline,2022-03-12,2022,10.0,0.07749460029620978,0.2501800235994097,0.5293655185641317,6.67682294117647E7
51093,Isle of Wight,2022-03-12,2022,10.0,0.07025668940260989,0.23181638003388655,0.5377673037939812,6.16024623529412E7
51193,Westmoreland,2022-03-12,2022,10.0,0.07717152256890311,0.2468978971521266,0.5122023983448928,6.1057701176470585E7
51171,Shenandoah,2022-03-12,2022,10.0,,,,5.776891764705879E7
51165,Rockingham,2022-03-19,2022,11.0,0.10767959745465394,0.34040962850401735,0.5239230655090594,1.4536741764705878E8
51001,Accomack,2022-03-19,2022,11.0,0.08528716443460256,0.2967081761945072,0.5516670951548089,1.1947461176470588E8
51015,Augusta,2022-03-19,2022,11.0,0.09784705076829536,0.3559755758069865,0.5644363731692751,9.990757764705883E7
51175,Southampton,2022-03-19,2022,11.0,0.0811031567216981,0.26102190056014146,0.5284998117162372,8.448777882352939E7
51057,Essex,2022-03-19,2022,11.0,0.087331,0.236634,0.45957992076873777,6.943756941176468E7
51097,King and Queen,2022-03-19,2022,11.0,0.10890200000000001,0.30236175,0.4728951960802078,6.813610235294119E7
51033,Caroline,2022-03-19,2022,11.0,,,,6.67682294117647E7
51093,Isle of Wight,2022-03-19,2022,11.0,0.0939377842840125,0.27505015305467023,0.4943170626881898,6.16024623529412E7
51193,Westmoreland,2022-03-19,2022,11.0,0.08852855617819554,0.2998821856672291,0.5425814553428445,6.1057701176470585E7
51171,Shenandoah,2022-03-19,2022,11.0,0.09451579047340737,0.2854016642314436,0.5055941584373621,5.776891764705879E7
51165,Rockingham,2022-03-26,2022,12.0,,,,1.4536741764705878E8
51001,Accomack,2022-03-26,2022,12.0,,,,1.1947461176470588E8
51015,Augusta,2022-03-26,2022,12.0,0.07640338709677419,0.27363161290322574,0.5597967793864589,9.990757764705883E7
51175,Southampton,2022-03-26,2022,12.0,0.08666546615069003,0.2582832213959343,0.5019447846894654,8.448777882352939E7
51057,Essex,2022-03-26,2022,12.0,0.0748294994748902,0.2632633352706701,0.5493354959119624,6.943756941176468E7
51097,King and Queen,2022-03-26,2022,12.0,0.08173558177594491,0.26159772248903745,0.5267818488454454,6.813610235294119E7
51033,Caroline,2022-03-26,2022,12.0,0.08225618547882255,0.26368329406575886,0.522312143046086,6.67682294117647E7
51093,Isle of Wight,2022-03-26,2022,12.0,0.08667300357098771,0.2563685434830174,0.5006588517752095,6.16024623529412E7
51193,Westmoreland,2022-03-26,2022,12.0,0.0768115131093169,0.2517216194333823,0.5280184192715113,6.1057701176470585E7
51171,Shenandoah,2022-03-26,2022,12.0,,,,5.776891764705879E7
51165,Rockingham,2022-04-02,2022,13.0,,,,1.4536741764705878E8
51001,Accomack,2022-04-02,2022,13.0,,,,1.1947461176470588E8
51015,Augusta,2022-04-02,2022,13.0,,,,9.990757764705883E7
51175,Southampton,2022-04-02,2022,13.0,,,,8.448777882352939E7
51057,Essex,2022-04-02,2022,13.0,,,,6.943756941176468E7
51097,King and Queen,2022-04-02,2022,13.0,,,,6.813610235294119E7
51033,Caroline,2022-04-02,2022,13.0,,,,6.67682294117647E7
51093,Isle of Wight,2022-04-02,2022,13.0,,,,6.16024623529412E7
51193,Westmoreland,2022-04-02,2022,13.0,,,,6.1057701176470585E7
51171,Shenandoah,2022-04-02,2022,13.0,,,,5.776891764705879E7
51165,Rockingham,2022-04-09,2022,14.0,,,,1.4536741764705878E8
51001,Accomack,2022-04-09,2022,14.0,,,,1.1947461176470588E8
51015,Augusta,2022-04-09,2022,14.0,0.09261925,0.332945875,0.5718085333704949,9.990757764705883E7
51175,Southampton,2022-04-09,2022,14.0,0.08914406051684659,0.27810166110565915,0.5226151528372498,8.448777882352939E7
51057,Essex,2022-04-09,2022,14.0,0.09027319051245292,0.30395967030998056,0.5451230728144296,6.943756941176468E7
51097,King and Queen,2022-04-09,2022,14.0,0.09838817569355618,0.28723166541701584,0.4968975776055517,6.813610235294119E7
51033,Caroline,2022-04-09,2022,14.0,0.09533044476167525,0.29835916968705395,0.5211143751638314,6.67682294117647E7
51093,Isle of Wight,2022-04-09,2022,14.0,0.10898787137565455,0.2893804081437148,0.4672011336423145,6.16024623529412E7
51193,Westmoreland,2022-04-09,2022,14.0,0.08882577132509897,0.321991880893416,0.5730618331159438,6.1057701176470585E7
51171,Shenandoah,2022-04-09,2022,14.0,,,,5.776891764705879E7
51165,Rockingham,2022-04-16,2022,15.0,,,,1.4536741764705878E8
51001,Accomack,2022-04-16,2022,15.0,,,,1.1947461176470588E8
51015,Augusta,2022-04-16,2022,15.0,,,,9.990757764705883E7
51175,Southampton,2022-04-16,2022,15.0,,,,8.448777882352939E7
51057,Essex,2022-04-16,2022,15.0,,,,6.943756941176468E7
51097,King and Queen,2022-04-16,2022,15.0,,,,6.813610235294119E7
51033,Caroline,2022-04-16,2022,15.0,,,,6.67682294117647E7
51093,Isle of Wight,2022-04-16,2022,15.0,,,,6.16024623529412E7
51193,Westmoreland,2022-04-16,2022,15.0,,,,6.1057701176470585E7
51171,Shenandoah,2022-04-16,2022,15.0,,,,5.776891764705879E7
51165,Rockingham,2022-04-23,2022,16.0,0.07791124903767026,0.3775591021131434,0.656748620014175,1.4536741764705878E8
51001,Accomack,2022-04-23,2022,16.0,0.08134349105560883,0.3018635771672166,0.5726623788847678,1.1947461176470588E8
51015,Augusta,2022-04-23,2022,16.0,0.07010803231039875,0.35245206620406566,0.6655217791260735,9.990757764705883E7
51175,Southampton,2022-04-23,2022,16.0,0.09303725300352728,0.3100068481316361,0.5480005082844028,8.448777882352939E7
51057,Essex,2022-04-23,2022,16.0,0.08543166666666664,0.3200616666666667,0.5783051053682963,6.943756941176468E7
51097,King and Queen,2022-04-23,2022,16.0,0.09439260366983622,0.311100892851718,0.539714818629549,6.813610235294119E7
51033,Caroline,2022-04-23,2022,16.0,,,,6.67682294117647E7
51093,Isle of Wight,2022-04-23,2022,16.0,0.10389894091322449,0.31847835566936344,0.5184081254448251,6.16024623529412E7
51193,Westmoreland,2022-04-23,2022,16.0,0.0924328533142081,0.3470441216216215,0.581527515208633,6.1057701176470585E7
51171,Shenandoah,2022-04-23,2022,16.0,,,,5.776891764705879E7
51165,Rockingham,2022-04-30,2022,17.0,,,,1.4536741764705878E8
51001,Accomack,2022-04-30,2022,17.0,,,,1.1947461176470588E8
51015,Augusta,2022-04-30,2022,17.0,,,,9.990757764705883E7
51175,Southampton,2022-04-30,2022,17.0,,,,8.448777882352939E7
51057,Essex,2022-04-30,2022,17.0,0.09492375,0.31589312500000005,0.5351893417537212,6.943756941176468E7
51097,King and Queen,2022-04-30,2022,17.0,0.090037,0.370196,0.6088815033435822,6.813610235294119E7
51033,Caroline,2022-04-30,2022,17.0,0.08645741970430793,0.3268863656640326,0.5839899880163468,6.67682294117647E7
51093,Isle of Wight,2022-04-30,2022,17.0,0.10572891525599752,0.3440501355280923,0.5334823345522702,6.16024623529412E7
51193,Westmoreland,2022-04-30,2022,17.0,0.07284335231693273,0.32142222516571767,0.6307109376353066,6.1057701176470585E7
51171,Shenandoah,2022-04-30,2022,17.0,,,,5.776891764705879E7
51165,Rockingham,2022-05-07,2022,18.0,,,,1.4536741764705878E8
51001,Accomack,2022-05-07,2022,18.0,0.07540584549075265,0.3151645357351113,0.6136443008637168,1.1947461176470588E8
51015,Augusta,2022-05-07,2022,18.0,,,,9.990757764705883E7
51175,Southampton,2022-05-07,2022,18.0,0.0835229190702409,0.30876447060098783,0.5775656322130308,8.448777882352939E7
51057,Essex,2022-05-07,2022,18.0,0.07259269230769229,0.29431461538461534,0.5843084454536438,6.943756941176468E7
51097,King and Queen,2022-05-07,2022,18.0,0.0753235199727117,0.3176479835689609,0.6163970167927153,6.813610235294119E7
51033,Caroline,2022-05-07,2022,18.0,,,,6.67682294117647E7
51093,Isle of Wight,2022-05-07,2022,18.0,0.08393756279384208,0.3124024781897643,0.579749197854282,6.16024623529412E7
51193,Westmoreland,2022-05-07,2022,18.0,0.06210536362418803,0.33799684942744274,0.6848630349159336,6.1057701176470585E7
51171,Shenandoah,2022-05-07,2022,18.0,,,,5.776891764705879E7
51165,Rockingham,2022-05-14,2022,19.0,0.08322845169082124,0.36265403200483104,0.6273793706427451,1.4536741764705878E8
51001,Accomack,2022-05-14,2022,19.0,,,,1.1947461176470588E8
51015,Augusta,2022-05-14,2022,19.0,0.08211850762159306,0.39163592479734494,0.6574131031433134,9.990757764705883E7
51175,Southampton,2022-05-14,2022,19.0,0.08444898900770019,0.30190973245898806,0.5693459002256822,8.448777882352939E7
51057,Essex,2022-05-14,2022,19.0,0.060713195758467155,0.3495476142868501,0.698436802076903,6.943756941176468E7
51097,King and Queen,2022-05-14,2022,19.0,0.06767131876273383,0.3619969323022783,0.6902180138308156,6.813610235294119E7
51033,Caroline,2022-05-14,2022,19.0,0.056901628592102536,0.39195108228240655,0.7490936199729542,6.67682294117647E7
51093,Isle of Wight,2022-05-14,2022,19.0,0.08242184018908921,0.3080482518457801,0.5821334454492102,6.16024623529412E7
51193,Westmoreland,2022-05-14,2022,19.0,,,,6.1057701176470585E7
51171,Shenandoah,2022-05-14,2022,19.0,,,,5.776891764705879E7
51165,Rockingham,2022-05-21,2022,20.0,,,,1.4536741764705878E8
51001,Accomack,2022-05-21,2022,20.0,,,,1.1947461176470588E8
51015,Augusta,2022-05-21,2022,20.0,,,,9.990757764705883E7
51175,Southampton,2022-05-21,2022,20.0,,,,8.448777882352939E7
51057,Essex,2022-05-21,2022,20.0,,,,6.943756941176468E7
51097,King and Queen,2022-05-21,2022,20.0,,,,6.813610235294119E7
51033,Caroline,2022-05-21,2022,20.0,,,,6.67682294117647E7
51093,Isle of Wight,2022-05-21,2022,20.0,,,,6.16024623529412E7
51193,Westmoreland,2022-05-21,2022,20.0,,,,6.1057701176470585E7
51171,Shenandoah,2022-05-21,2022,20.0,,,,5.776891764705879E7
51165,Rockingham,2022-05-28,2022,21.0,0.08738924976844711,0.3295905904600184,0.5804699481005364,1.4536741764705878E8
51001,Accomack,2022-05-28,2022,21.0,,,,1.1947461176470588E8
51015,Augusta,2022-05-28,2022,21.0,0.07326764413225097,0.34429781843080076,0.6498131446610822,9.990757764705883E7
51175,Southampton,2022-05-28,2022,21.0,0.08190755685667613,0.3222261592218951,0.6023743457788724,8.448777882352939E7
51057,Essex,2022-05-28,2022,21.0,0.0650202030026733,0.32463373718254745,0.6566430242462493,6.943756941176468E7
51097,King and Queen,2022-05-28,2022,21.0,0.06994389116927595,0.32773759968199623,0.648556307420397,6.813610235294119E7
51033,Caroline,2022-05-28,2022,21.0,0.06852429709119984,0.33457305413771193,0.6584270454386025,6.67682294117647E7
51093,Isle of Wight,2022-05-28,2022,21.0,0.0794473497969053,0.3228520548327554,0.6110012071580172,6.16024623529412E7
51193,Westmoreland,2022-05-28,2022,21.0,0.06888625984972054,0.3328931041761618,0.6504371806793494,6.1057701176470585E7
51171,Shenandoah,2022-05-28,2022,21.0,,,,5.776891764705879E7
51165,Rockingham,2022-06-04,2022,22.0,0.09632900333538322,0.3748170008028835,0.5956710248940685,1.4536741764705878E8
51001,Accomack,2022-06-04,2022,22.0,0.0847257987370287,0.3106340101831676,0.5666287747473173,1.1947461176470588E8
51015,Augusta,2022-06-04,2022,22.0,0.0883461513106077,0.3881839083322831,0.6329939979733,9.990757764705883E7
51175,Southampton,2022-06-04,2022,22.0,0.09026645744539787,0.37097749862665996,0.6167022121144322,8.448777882352939E7
51057,Essex,2022-06-04,2022,22.0,0.07654392857142858,0.32958910714285716,0.6156512264694486,6.943756941176468E7
51097,King and Queen,2022-06-04,2022,22.0,0.08434645134755164,0.35997965712961016,0.6233271988326772,6.813610235294119E7
51033,Caroline,2022-06-04,2022,22.0,0.09750874999999998,0.343455,0.5621077418327332,6.67682294117647E7
51093,Isle of Wight,2022-06-04,2022,22.0,0.0952523306482414,0.373597599678252,0.6006855308311428,6.16024623529412E7
51193,Westmoreland,2022-06-04,2022,22.0,0.08391611000460887,0.35948922372925984,0.6178939564799616,6.1057701176470585E7
51171,Shenandoah,2022-06-04,2022,22.0,0.10366757331413486,0.3880638910487161,0.580047386681573,5.776891764705879E7
51165,Rockingham,2022-06-11,2022,23.0,0.06226147296736726,0.34931313692616145,0.6968830251299768,1.4536741764705878E8
51001,Accomack,2022-06-11,2022,23.0,,,,1.1947461176470588E8
51015,Augusta,2022-06-11,2022,23.0,0.06620794755965295,0.361734119061822,0.6897234045722221,9.990757764705883E7
51175,Southampton,2022-06-11,2022,23.0,0.07114119813176918,0.3323559119226166,0.653867001948626,8.448777882352939E7
51057,Essex,2022-06-11,2022,23.0,0.06445905557809814,0.3314778175362802,0.6681496643594129,6.943756941176468E7
51097,King and Queen,2022-06-11,2022,23.0,0.06653441749021526,0.33883464293052845,0.6715646925329462,6.813610235294119E7
51033,Caroline,2022-06-11,2022,23.0,0.06797617583225717,0.3466526747791239,0.6719208820220042,6.67682294117647E7
51093,Isle of Wight,2022-06-11,2022,23.0,0.07474887845182636,0.33938444220793135,0.6443604938113261,6.16024623529412E7
51193,Westmoreland,2022-06-11,2022,23.0,0.06606821682578136,0.3260472214642951,0.6507597730128821,6.1057701176470585E7
51171,Shenandoah,2022-06-11,2022,23.0,,,,5.776891764705879E7
51165,Rockingham,2022-06-18,2022,24.0,0.07764999862808615,0.4017270365728256,0.6777058745195994,1.4536741764705878E8
51001,Accomack,2022-06-18,2022,24.0,,,,1.1947461176470588E8
51015,Augusta,2022-06-18,2022,24.0,0.07670348218859938,0.3996167284003324,0.6812738213146415,9.990757764705883E7
51175,Southampton,2022-06-18,2022,24.0,,,,8.448777882352939E7
51057,Essex,2022-06-18,2022,24.0,,,,6.943756941176468E7
51097,King and Queen,2022-06-18,2022,24.0,,,,6.813610235294119E7
51033,Caroline,2022-06-18,2022,24.0,,,,6.67682294117647E7
51093,Isle of Wight,2022-06-18,2022,24.0,,,,6.16024623529412E7
51193,Westmoreland,2022-06-18,2022,24.0,,,,6.1057701176470585E7
51171,Shenandoah,2022-06-18,2022,24.0,0.07072912824075282,0.3492275741866987,0.667360914524759,5.776891764705879E7
51165,Rockingham,2022-06-25,2022,25.0,,,,1.4536741764705878E8
51001,Accomack,2022-06-25,2022,25.0,0.07827057080716188,0.3186457880297448,0.600242525062733,1.1947461176470588E8
51015,Augusta,2022-06-25,2022,25.0,0.06303341157503159,0.3828259980394692,0.7226505347360733,9.990757764705883E7
51175,Southampton,2022-06-25,2022,25.0,0.07147709691003477,0.3809416515021815,0.688993540790874,8.448777882352939E7
51057,Essex,2022-06-25,2022,25.0,0.058994999999999985,0.34024535714285714,0.6789859043700355,6.943756941176468E7
51097,King and Queen,2022-06-25,2022,25.0,0.07022409533681703,0.36476919785868445,0.67361512025102,6.813610235294119E7
51033,Caroline,2022-06-25,2022,25.0,,,,6.67682294117647E7
51093,Isle of Wight,2022-06-25,2022,25.0,0.0841266091325277,0.378271045586899,0.6410669721792996,6.16024623529412E7
51193,Westmoreland,2022-06-25,2022,25.0,0.07283935971727988,0.3574641262936241,0.6562992290223265,6.1057701176470585E7
51171,Shenandoah,2022-06-25,2022,25.0,,,,5.776891764705879E7
51165,Rockingham,2022-07-02,2022,26.0,,,,1.4536741764705878E8
51001,Accomack,2022-07-02,2022,26.0,,,,1.1947461176470588E8
51015,Augusta,2022-07-02,2022,26.0,,,,9.990757764705883E7
51175,Southampton,2022-07-02,2022,26.0,0.06345549999999998,0.261846,0.595249080657959,8.448777882352939E7
51057,Essex,2022-07-02,2022,26.0,0.08605380364491476,0.44048904908877123,0.670600768312295,6.943756941176468E7
51097,King and Queen,2022-07-02,2022,26.0,0.0727600449317038,0.3884634552480231,0.6931242767231315,6.813610235294119E7
51033,Caroline,2022-07-02,2022,26.0,0.0352367899408284,0.3703607396449704,0.8280904550524153,6.67682294117647E7
51093,Isle of Wight,2022-07-02,2022,26.0,0.07238861966236348,0.36677137702747437,0.6773574122836176,6.16024623529412E7
51193,Westmoreland,2022-07-02,2022,26.0,0.08559535714285715,0.47914392857142857,0.7024515782083783,6.1057701176470585E7
51171,Shenandoah,2022-07-02,2022,26.0,,,,5.776891764705879E7
51165,Rockingham,2022-07-09,2022,27.0,,,,1.4536741764705878E8
51001,Accomack,2022-07-09,2022,27.0,0.06397558715150821,0.3352825841236286,0.6712598846300583,1.1947461176470588E8
51015,Augusta,2022-07-09,2022,27.0,,,,9.990757764705883E7
51175,Southampton,2022-07-09,2022,27.0,0.048226720718180106,0.40000313199144577,0.7848988199400977,8.448777882352939E7
51057,Essex,2022-07-09,2022,27.0,0.03880999999999999,0.3353654166666667,0.6167796552181244,6.943756941176468E7
51097,King and Queen,2022-07-09,2022,27.0,0.0560257595450853,0.3753852701056051,0.7361310647602346,6.813610235294119E7
51033,Caroline,2022-07-09,2022,27.0,,,,6.67682294117647E7
51093,Isle of Wight,2022-07-09,2022,27.0,0.05585980845722483,0.3785579698095983,0.7409034832741767,6.16024623529412E7
51193,Westmoreland,2022-07-09,2022,27.0,0.06089177042643227,0.37843944681803365,0.7102625166226062,6.1057701176470585E7
51171,Shenandoah,2022-07-09,2022,27.0,0.07561874999999998,0.4541287500000001,0.7095095813274384,5.776891764705879E7
51165,Rockingham,2022-07-16,2022,28.0,,,,1.4536741764705878E8
51001,Accomack,2022-07-16,2022,28.0,,,,1.1947461176470588E8
51015,Augusta,2022-07-16,2022,28.0,,,,9.990757764705883E7
51175,Southampton,2022-07-16,2022,28.0,0.04463035342554044,0.4192067922228971,0.809570661059958,8.448777882352939E7
51057,Essex,2022-07-16,2022,28.0,,,,6.943756941176468E7
51097,King and Queen,2022-07-16,2022,28.0,0.040041153846153844,0.4292444230769231,0.8238502190663264,6.813610235294119E7
51033,Caroline,2022-07-16,2022,28.0,0.04648250000000001,0.5221775,0.8364744186401367,6.67682294117647E7
51093,Isle of Wight,2022-07-16,2022,28.0,0.04937722993492409,0.3978837221732647,0.7840881248018876,6.16024623529412E7
51193,Westmoreland,2022-07-16,2022,28.0,,,,6.1057701176470585E7
51171,Shenandoah,2022-07-16,2022,28.0,,,,5.776891764705879E7
51165,Rockingham,2022-07-23,2022,29.0,,,,1.4536741764705878E8
51001,Accomack,2022-07-23,2022,29.0,0.052418253739120645,0.3449745151994198,0.7240602935559715,1.1947461176470588E8
51015,Augusta,2022-07-23,2022,29.0,,,,9.990757764705883E7
51175,Southampton,2022-07-23,2022,29.0,0.047070856372285606,0.42769664066698515,0.8043991453883798,8.448777882352939E7
51057,Essex,2022-07-23,2022,29.0,0.039744999999999996,0.396303125,0.7557940908397237,6.943756941176468E7
51097,King and Queen,2022-07-23,2022,29.0,0.03905499020248204,0.41535314908556475,0.823292934429061,6.813610235294119E7
51033,Caroline,2022-07-23,2022,29.0,,,,6.67682294117647E7
51093,Isle of Wight,2022-07-23,2022,29.0,0.049249026173726604,0.40084799243849195,0.7781677002311604,6.16024623529412E7
51193,Westmoreland,2022-07-23,2022,29.0,0.046646327415693904,0.3747362277075227,0.7693214735678178,6.1057701176470585E7
51171,Shenandoah,2022-07-23,2022,29.0,,,,5.776891764705879E7
51165,Rockingham,2022-07-30,2022,30.0,,,,1.4536741764705878E8
51001,Accomack,2022-07-30,2022,30.0,,,,1.1947461176470588E8
51015,Augusta,2022-07-30,2022,30.0,0.05012156914893616,0.41323946808510637,0.786205251166161,9.990757764705883E7
51175,Southampton,2022-07-30,2022,30.0,0.03401003320853423,0.4009313668068521,0.8426127503825751,8.448777882352939E7
51057,Essex,2022-07-30,2022,30.0,0.032713270348004586,0.40588389185125073,0.843596890351063,6.943756941176468E7
51097,King and Queen,2022-07-30,2022,30.0,0.03245572292051755,0.3949659758780038,0.8453218682096539,6.813610235294119E7
51033,Caroline,2022-07-30,2022,30.0,0.03854986896682835,0.39213397476408857,0.8193767689393967,6.67682294117647E7
51093,Isle of Wight,2022-07-30,2022,30.0,0.03634228008195141,0.37464339672648445,0.8210312346139059,6.16024623529412E7
51193,Westmoreland,2022-07-30,2022,30.0,0.041546191847598904,0.3797886942450022,0.793573765907588,6.1057701176470585E7
51171,Shenandoah,2022-07-30,2022,30.0,,,,5.776891764705879E7
51165,Rockingham,2022-08-06,2022,31.0,0.044216861225263096,0.4313365083166012,0.8144172527652659,1.4536741764705878E8
51001,Accomack,2022-08-06,2022,31.0,,,,1.1947461176470588E8
51015,Augusta,2022-08-06,2022,31.0,0.05533552813113095,0.42793629346243917,0.7749082806487452,9.990757764705883E7
51175,Southampton,2022-08-06,2022,31.0,,,,8.448777882352939E7
51057,Essex,2022-08-06,2022,31.0,,,,6.943756941176468E7
51097,King and Queen,2022-08-06,2022,31.0,,,,6.813610235294119E7
51033,Caroline,2022-08-06,2022,31.0,,,,6.67682294117647E7
51093,Isle of Wight,2022-08-06,2022,31.0,,,,6.16024623529412E7
51193,Westmoreland,2022-08-06,2022,31.0,,,,6.1057701176470585E7
51171,Shenandoah,2022-08-06,2022,31.0,0.03882555568731305,0.41634947395812705,0.8290113502069162,5.776891764705879E7
51165,Rockingham,2022-08-13,2022,32.0,0.03460099264705883,0.4060854884453781,0.8421781859819538,1.4536741764705878E8
51001,Accomack,2022-08-13,2022,32.0,0.04021840515195823,0.36300675452604036,0.7827964058155036,1.1947461176470588E8
51015,Augusta,2022-08-13,2022,32.0,0.04236636521364418,0.40211738416265985,0.812911673483367,9.990757764705883E7
51175,Southampton,2022-08-13,2022,32.0,0.03412046019152682,0.41611045001829855,0.8497587865564977,8.448777882352939E7
51057,Essex,2022-08-13,2022,32.0,0.029334531249999997,0.40419734375,0.8535781875252724,6.943756941176468E7
51097,King and Queen,2022-08-13,2022,32.0,0.02915018129528859,0.416844131446133,0.8527527558205951,6.813610235294119E7
51033,Caroline,2022-08-13,2022,32.0,,,,6.67682294117647E7
51093,Isle of Wight,2022-08-13,2022,32.0,0.03903686275193001,0.3957655906190538,0.8193070694574658,6.16024623529412E7
51193,Westmoreland,2022-08-13,2022,32.0,0.03465680428853571,0.42585250626978927,0.8418490036445232,6.1057701176470585E7
51171,Shenandoah,2022-08-13,2022,32.0,,,,5.776891764705879E7
51165,Rockingham,2022-08-20,2022,33.0,,,,1.4536741764705878E8
51001,Accomack,2022-08-20,2022,33.0,,,,1.1947461176470588E8
51015,Augusta,2022-08-20,2022,33.0,,,,9.990757764705883E7
51175,Southampton,2022-08-20,2022,33.0,0.04169231597191557,0.38693082845756427,0.8116382827812377,8.448777882352939E7
51057,Essex,2022-08-20,2022,33.0,0.044201278758601525,0.4347153766421076,0.8182938992262483,6.943756941176468E7
51097,King and Queen,2022-08-20,2022,33.0,0.03493092161820482,0.4188606744627054,0.8482687567413683,6.813610235294119E7
51033,Caroline,2022-08-20,2022,33.0,0.03817425347616199,0.4164973873083986,0.8376725472265006,6.67682294117647E7
51093,Isle of Wight,2022-08-20,2022,33.0,0.044960601346109484,0.36852369393831375,0.7867751406852942,6.16024623529412E7
51193,Westmoreland,2022-08-20,2022,33.0,0.04246147659066926,0.3909923622317737,0.7915136800893322,6.1057701176470585E7
51171,Shenandoah,2022-08-20,2022,33.0,,,,5.776891764705879E7
51165,Rockingham,2022-08-27,2022,34.0,0.04763269127073954,0.4147094832562898,0.794605463528209,1.4536741764705878E8
51001,Accomack,2022-08-27,2022,34.0,0.0596312597644481,0.353293374842509,0.6951689872834184,1.1947461176470588E8
51015,Augusta,2022-08-27,2022,34.0,0.04887533905994377,0.4049652326514081,0.78865713925121,9.990757764705883E7
51175,Southampton,2022-08-27,2022,34.0,0.07027728673502781,0.4268152794671103,0.7240905982074527,8.448777882352939E7
51057,Essex,2022-08-27,2022,34.0,0.04176307692307692,0.3787734615384616,0.7872627698458158,6.943756941176468E7
51097,King and Queen,2022-08-27,2022,34.0,0.03876308657786884,0.3990389382684425,0.8093451055179,6.813610235294119E7
51033,Caroline,2022-08-27,2022,34.0,0.023918750000000003,0.34115875,0.8696326613426208,6.67682294117647E7
51093,Isle of Wight,2022-08-27,2022,34.0,0.06105914371335933,0.40238028680034726,0.7448543932070368,6.16024623529412E7
51193,Westmoreland,2022-08-27,2022,34.0,0.05083668490948755,0.38413155832599805,0.7735592847147996,6.1057701176470585E7
51171,Shenandoah,2022-08-27,2022,34.0,0.04212219273647022,0.40715364423962513,0.8115299794213187,5.776891764705879E7
51165,Rockingham,2022-09-03,2022,35.0,0.06854841678767155,0.41558822649772814,0.7172097461098748,1.4536741764705878E8
51001,Accomack,2022-09-03,2022,35.0,,,,1.1947461176470588E8
51015,Augusta,2022-09-03,2022,35.0,0.06797782335223244,0.4146458710577606,0.7178644052027472,9.990757764705883E7
51175,Southampton,2022-09-03,2022,35.0,0.06995597156966152,0.33488946854923773,0.6740510441024943,8.448777882352939E7
51057,Essex,2022-09-03,2022,35.0,0.05709122259201252,0.41903866581832433,0.7608616078308131,6.943756941176468E7
51097,King and Queen,2022-09-03,2022,35.0,0.05832249999999999,0.34897249999999996,0.7102827592329546,6.813610235294119E7
51033,Caroline,2022-09-03,2022,35.0,0.05999113764895978,0.37668118208442747,0.7324400050410725,6.67682294117647E7
51093,Isle of Wight,2022-09-03,2022,35.0,0.045475999999999996,0.337889,0.7557665109634399,6.16024623529412E7
51193,Westmoreland,2022-09-03,2022,35.0,0.1459853187919463,0.3913175,0.5161257288609066,6.1057701176470585E7
51171,Shenandoah,2022-09-03,2022,35.0,,,,5.776891764705879E7
51165,Rockingham,2022-09-10,2022,36.0,0.060675280771814825,0.3730246568360574,0.7324796853733252,1.4536741764705878E8
51001,Accomack,2022-09-10,2022,36.0,,,,1.1947461176470588E8
51015,Augusta,2022-09-10,2022,36.0,0.05408034277405648,0.37278128304181724,0.7510809439055247,9.990757764705883E7
51175,Southampton,2022-09-10,2022,36.0,0.04509526146507963,0.266260230395589,0.7089534235171714,8.448777882352939E7
51057,Essex,2022-09-10,2022,36.0,0.0428421875,0.32642906250000003,0.7376131545752287,6.943756941176468E7
51097,King and Queen,2022-09-10,2022,36.0,0.04129370583923086,0.3370710743085121,0.7777217295953849,6.813610235294119E7
51033,Caroline,2022-09-10,2022,36.0,,,,6.67682294117647E7
51093,Isle of Wight,2022-09-10,2022,36.0,0.06542083333333332,0.26565749999999994,0.6045042276382446,6.16024623529412E7
51193,Westmoreland,2022-09-10,2022,36.0,0.043745842210062814,0.3530160856051286,0.7739388133398403,6.1057701176470585E7
51171,Shenandoah,2022-09-10,2022,36.0,0.05372528666714612,0.3829547230412429,0.7571189041536075,5.776891764705879E7
51165,Rockingham,2022-09-17,2022,37.0,0.049947500000000006,0.41396499999999997,0.7846684455871582,1.4536741764705878E8
51001,Accomack,2022-09-17,2022,37.0,,,,1.1947461176470588E8
51015,Augusta,2022-09-17,2022,37.0,0.05412307975413039,0.35471122498744145,0.7350734190179065,9.990757764705883E7
51175,Southampton,2022-09-17,2022,37.0,0.05670213569800111,0.30835610852671,0.698971225054011,8.448777882352939E7
51057,Essex,2022-09-17,2022,37.0,0.04375316215151804,0.31638559187034576,0.7475906353229745,6.943756941176468E7
51097,King and Queen,2022-09-17,2022,37.0,0.046404120694716215,0.3039028413894326,0.7351957453262431,6.813610235294119E7
51033,Caroline,2022-09-17,2022,37.0,0.04371995312270292,0.3183044509208398,0.7550241456619514,6.67682294117647E7
51093,Isle of Wight,2022-09-17,2022,37.0,0.05730356269846611,0.3020836745828704,0.683295791160723,6.16024623529412E7
51193,Westmoreland,2022-09-17,2022,37.0,0.044718828078150114,0.31321789015087936,0.735240712280055,6.1057701176470585E7
51171,Shenandoah,2022-09-17,2022,37.0,,,,5.776891764705879E7
51165,Rockingham,2022-09-24,2022,38.0,0.0774196643172525,0.3237649420646066,0.6186605576577859,1.4536741764705878E8
51001,Accomack,2022-09-24,2022,38.0,,,,1.1947461176470588E8
51015,Augusta,2022-09-24,2022,38.0,0.06657426809577034,0.32521696173395387,0.6619175525601435,9.990757764705883E7
51175,Southampton,2022-09-24,2022,38.0,,,,8.448777882352939E7
51057,Essex,2022-09-24,2022,38.0,,,,6.943756941176468E7
51097,King and Queen,2022-09-24,2022,38.0,,,,6.813610235294119E7
51033,Caroline,2022-09-24,2022,38.0,,,,6.67682294117647E7
51093,Isle of Wight,2022-09-24,2022,38.0,,,,6.16024623529412E7
51193,Westmoreland,2022-09-24,2022,38.0,,,,6.1057701176470585E7
51171,Shenandoah,2022-09-24,2022,38.0,0.07615584866824784,0.3480182914179003,0.6499467496466558,5.776891764705879E7
51165,Rockingham,2022-10-01,2022,39.0,0.08567036483860067,0.32927685841642723,0.5952767443018264,1.4536741764705878E8
51001,Accomack,2022-10-01,2022,39.0,,,,1.1947461176470588E8
51015,Augusta,2022-10-01,2022,39.0,0.07083099021579392,0.31019313139711757,0.6352427501681785,9.990757764705883E7
51175,Southampton,2022-10-01,2022,39.0,0.05841672603690056,0.25750864925660566,0.6356558045360352,8.448777882352939E7
51057,Essex,2022-10-01,2022,39.0,0.05581678517042195,0.26639117802415496,0.643801241845507,6.943756941176468E7
51097,King and Queen,2022-10-01,2022,39.0,0.05448048648781206,0.2617145473294423,0.6579604592705798,6.813610235294119E7
51033,Caroline,2022-10-01,2022,39.0,0.05509570443340912,0.2675202243353218,0.6612320721883767,6.67682294117647E7
51093,Isle of Wight,2022-10-01,2022,39.0,0.06103513675228061,0.2526951581838174,0.6121283900950976,6.16024623529412E7
51193,Westmoreland,2022-10-01,2022,39.0,0.05314595732687282,0.27418959466226106,0.6676692840201326,6.1057701176470585E7
51171,Shenandoah,2022-10-01,2022,39.0,,,,5.776891764705879E7
51165,Rockingham,2022-10-08,2022,40.0,0.08431021167678948,0.28075053122862326,0.540693626905866,1.4536741764705878E8
51001,Accomack,2022-10-08,2022,40.0,,,,1.1947461176470588E8
51015,Augusta,2022-10-08,2022,40.0,0.076964697569663,0.28597780237728054,0.5767224288547175,9.990757764705883E7
51175,Southampton,2022-10-08,2022,40.0,,,,8.448777882352939E7
51057,Essex,2022-10-08,2022,40.0,,,,6.943756941176468E7
51097,King and Queen,2022-10-08,2022,40.0,,,,6.813610235294119E7
51033,Caroline,2022-10-08,2022,40.0,0.05292522260273972,0.20561595890410958,0.5849213036772323,6.67682294117647E7
51093,Isle of Wight,2022-10-08,2022,40.0,,,,6.16024623529412E7
51193,Westmoreland,2022-10-08,2022,40.0,,,,6.1057701176470585E7
51171,Shenandoah,2022-10-08,2022,40.0,0.0689191984022361,0.2736598993005971,0.5980362897916582,5.776891764705879E7
51165,Rockingham,2022-10-15,2022,41.0,0.09123613287050043,0.2822394106906377,0.5121886402845737,1.4536741764705878E8
51001,Accomack,2022-10-15,2022,41.0,0.05574641304347826,0.23095847826086957,0.6188696830169015,1.1947461176470588E8
51015,Augusta,2022-10-15,2022,41.0,0.07756104617795004,0.27256514170858415,0.5585454298960975,9.990757764705883E7
51175,Southampton,2022-10-15,2022,41.0,0.06125643640527076,0.21448916298409126,0.5591542108848548,8.448777882352939E7
51057,Essex,2022-10-15,2022,41.0,0.05245687499999999,0.20762218750000003,0.44603709504008293,6.943756941176468E7
51097,King and Queen,2022-10-15,2022,41.0,0.0666594266055046,0.25810837155963307,0.596273605566506,6.813610235294119E7
51033,Caroline,2022-10-15,2022,41.0,,,,6.67682294117647E7
51093,Isle of Wight,2022-10-15,2022,41.0,0.07579284218790891,0.25873723468987186,0.5505051346206498,6.16024623529412E7
51193,Westmoreland,2022-10-15,2022,41.0,0.07015265965080125,0.26183688989874837,0.5794478965073617,6.1057701176470585E7
51171,Shenandoah,2022-10-15,2022,41.0,,,,5.776891764705879E7
51165,Rockingham,2022-10-22,2022,42.0,,,,1.4536741764705878E8
51001,Accomack,2022-10-22,2022,42.0,,,,1.1947461176470588E8
51015,Augusta,2022-10-22,2022,42.0,,,,9.990757764705883E7
51175,Southampton,2022-10-22,2022,42.0,,,,8.448777882352939E7
51057,Essex,2022-10-22,2022,42.0,0.32365248091603055,0.387571927480916,0.09782375730858504,6.943756941176468E7
51097,King and Queen,2022-10-22,2022,42.0,0.4512221620450607,0.48717652946273826,0.039288197771566995,6.813610235294119E7
51033,Caroline,2022-10-22,2022,42.0,0.6469052429217411,0.6779485488926572,0.025128051794460725,6.67682294117647E7
51093,Isle of Wight,2022-10-22,2022,42.0,,,,6.16024623529412E7
51193,Westmoreland,2022-10-22,2022,42.0,0.47325716725043787,0.5287865061295972,0.06411087668897184,6.1057701176470585E7
51171,Shenandoah,2022-10-22,2022,42.0,,,,5.776891764705879E7
51165,Rockingham,2022-10-29,2022,43.0,0.1111158630933317,0.2975647938152586,0.4575245545191598,1.4536741764705878E8
51001,Accomack,2022-10-29,2022,43.0,0.07410819666562454,0.22521610578194878,0.5106093829673198,1.1947461176470588E8
51015,Augusta,2022-10-29,2022,43.0,0.11037217303646565,0.30380665673211776,0.472522672820073,9.990757764705883E7
51175,Southampton,2022-10-29,2022,43.0,0.098858177840014,0.25685982736740764,0.5487729317057138,8.448777882352939E7
51057,Essex,2022-10-29,2022,43.0,0.06539926470588237,0.21417750000000002,0.5099964099114432,6.943756941176468E7
51097,King and Queen,2022-10-29,2022,43.0,0.07045160021100579,0.22850067103191896,0.5488696728541398,6.813610235294119E7
51033,Caroline,2022-10-29,2022,43.0,,,,6.67682294117647E7
51093,Isle of Wight,2022-10-29,2022,43.0,0.08657278410063324,0.22747087198357013,0.5148788694774943,6.16024623529412E7
51193,Westmoreland,2022-10-29,2022,43.0,0.12079319103392572,0.27767537540387727,0.43818580313481886,6.1057701176470585E7
51171,Shenandoah,2022-10-29,2022,43.0,0.08621520273122739,0.25980523540316813,0.5025964243225134,5.776891764705879E7
51165,Rockingham,2022-11-05,2022,44.0,,,,1.4536741764705878E8
51001,Accomack,2022-11-05,2022,44.0,,,,1.1947461176470588E8
51015,Augusta,2022-11-05,2022,44.0,0.609765,0.5821320833333334,-0.017915403470396996,9.990757764705883E7
51175,Southampton,2022-11-05,2022,44.0,0.07024364811970414,0.22153828173579337,0.5299545476113923,8.448777882352939E7
51057,Essex,2022-11-05,2022,44.0,0.07099633475749477,0.21247050865237735,0.49954833232567636,6.943756941176468E7
51097,King and Queen,2022-11-05,2022,44.0,0.07091489760273975,0.21689319792074377,0.5165201173750447,6.813610235294119E7
51033,Caroline,2022-11-05,2022,44.0,0.07340703813316117,0.21802651503853798,0.5038258229938405,6.67682294117647E7
51093,Isle of Wight,2022-11-05,2022,44.0,0.06875707093445982,0.21943307952110047,0.5311994039106529,6.16024623529412E7
51193,Westmoreland,2022-11-05,2022,44.0,0.07150699157751449,0.20919792969968126,0.4869951644960215,6.1057701176470585E7
51171,Shenandoah,2022-11-05,2022,44.0,,,,5.776891764705879E7
51165,Rockingham,2022-11-12,2022,45.0,,,,1.4536741764705878E8
51001,Accomack,2022-11-12,2022,45.0,0.07172330667985821,0.22978430296161723,0.5243915290706799,1.1947461176470588E8
51015,Augusta,2022-11-12,2022,45.0,,,,9.990757764705883E7
51175,Southampton,2022-11-12,2022,45.0,0.060927609522798916,0.22772179248524532,0.5823453372087317,8.448777882352939E7
51057,Essex,2022-11-12,2022,45.0,0.058764,0.18269825,0.5189772612518735,6.943756941176468E7
51097,King and Queen,2022-11-12,2022,45.0,0.06323871199999997,0.2091094391999999,0.5396647363710404,6.813610235294119E7
51033,Caroline,2022-11-12,2022,45.0,,,,6.67682294117647E7
51093,Isle of Wight,2022-11-12,2022,45.0,0.06861039854950142,0.2274857142917425,0.5404911275022506,6.16024623529412E7
51193,Westmoreland,2022-11-12,2022,45.0,0.07408691958818125,0.22870745359384567,0.5162273448709788,6.1057701176470585E7
51171,Shenandoah,2022-11-12,2022,45.0,,,,5.776891764705879E7
51165,Rockingham,2022-11-19,2022,46.0,0.08046601173565278,0.2695614050002186,0.5387223599254473,1.4536741764705878E8
51001,Accomack,2022-11-19,2022,46.0,,,,1.1947461176470588E8
51015,Augusta,2022-11-19,2022,46.0,0.08303142364386795,0.2498601625252695,0.5027793595195822,9.990757764705883E7
51175,Southampton,2022-11-19,2022,46.0,0.08131668018093134,0.24552504639665912,0.5130956826162345,8.448777882352939E7
51057,Essex,2022-11-19,2022,46.0,0.0803809474300776,0.20644052661443835,0.4405116108416392,6.943756941176468E7
51097,King and Queen,2022-11-19,2022,46.0,0.08359757621621619,0.23261842681081085,0.47564995942309085,6.813610235294119E7
51033,Caroline,2022-11-19,2022,46.0,0.08709829794807367,0.2121375488155061,0.4303470399918011,6.67682294117647E7
51093,Isle of Wight,2022-11-19,2022,46.0,0.10144903212770257,0.27836390028288543,0.4728082474786569,6.16024623529412E7
51193,Westmoreland,2022-11-19,2022,46.0,0.0803153874582657,0.2115503449362421,0.450984972827058,6.1057701176470585E7
51171,Shenandoah,2022-11-19,2022,46.0,,,,5.776891764705879E7
51165,Rockingham,2022-11-26,2022,47.0,0.08721307562177658,0.28038178025702887,0.5194371263406559,1.4536741764705878E8
51001,Accomack,2022-11-26,2022,47.0,,,,1.1947461176470588E8
51015,Augusta,2022-11-26,2022,47.0,0.09151425213849357,0.2655673717435367,0.48735547598354423,9.990757764705883E7
51175,Southampton,2022-11-26,2022,47.0,,,,8.448777882352939E7
51057,Essex,2022-11-26,2022,47.0,,,,6.943756941176468E7
51097,King and Queen,2022-11-26,2022,47.0,,,,6.813610235294119E7
51033,Caroline,2022-11-26,2022,47.0,,,,6.67682294117647E7
51093,Isle of Wight,2022-11-26,2022,47.0,,,,6.16024623529412E7
51193,Westmoreland,2022-11-26,2022,47.0,,,,6.1057701176470585E7
51171,Shenandoah,2022-11-26,2022,47.0,0.09262664237674986,0.2469823808085246,0.45590122739117483,5.776891764705879E7
51165,Rockingham,2022-12-03,2022,48.0,,,,1.4536741764705878E8
51001,Accomack,2022-12-03,2022,48.0,,,,1.1947461176470588E8
51015,Augusta,2022-12-03,2022,48.0,,,,9.990757764705883E7
51175,Southampton,2022-12-03,2022,48.0,,,,8.448777882352939E7
51057,Essex,2022-12-03,2022,48.0,,,,6.943756941176468E7
51097,King and Queen,2022-12-03,2022,48.0,,,,6.813610235294119E7
51033,Caroline,2022-12-03,2022,48.0,,,,6.67682294117647E7
51093,Isle of Wight,2022-12-03,2022,48.0,,,,6.16024623529412E7
51193,Westmoreland,2022-12-03,2022,48.0,,,,6.1057701176470585E7
51171,Shenandoah,2022-12-03,2022,48.0,,,,5.776891764705879E7
51165,Rockingham,2022-12-10,2022,49.0,,,,1.4536741764705878E8
51001,Accomack,2022-12-10,2022,49.0,,,,1.1947461176470588E8
51015,Augusta,2022-12-10,2022,49.0,,,,9.990757764705883E7
51175,Southampton,2022-12-10,2022,49.0,0.06858766278447355,0.22311467140933117,0.5503296216194458,8.448777882352939E7
51057,Essex,2022-12-10,2022,49.0,0.0942515566037736,0.24101412735849057,0.4590661832184162,6.943756941176468E7
51097,King and Queen,2022-12-10,2022,49.0,0.07857565476190477,0.23466565476190468,0.5066186913422176,6.813610235294119E7
51033,Caroline,2022-12-10,2022,49.0,,,,6.67682294117647E7
51093,Isle of Wight,2022-12-10,2022,49.0,0.06948687734375,0.22178925878232741,0.5243792489100376,6.16024623529412E7
51193,Westmoreland,2022-12-10,2022,49.0,0.11234069363832935,0.24532500711278032,0.37682968656520494,6.1057701176470585E7
51171,Shenandoah,2022-12-10,2022,49.0,,,,5.776891764705879E7
51165,Rockingham,2022-12-17,2022,50.0,0.09036354782430213,0.26905765548029553,0.49820163254258887,1.4536741764705878E8
51001,Accomack,2022-12-17,2022,50.0,0.07557604946323612,0.23329117345867814,0.5097823439679917,1.1947461176470588E8
51015,Augusta,2022-12-17,2022,50.0,0.09985259291161046,0.2685513251463024,0.4590751309048501,9.990757764705883E7
51175,Southampton,2022-12-17,2022,50.0,0.06147634615384615,0.17348384615384616,0.47682318549889785,8.448777882352939E7
51057,Essex,2022-12-17,2022,50.0,0.06042499999999999,0.1796684375,0.3690582439303398,6.943756941176468E7
51097,King and Queen,2022-12-17,2022,50.0,0.07310549999999995,0.21759453211009167,0.4955674966975885,6.813610235294119E7
51033,Caroline,2022-12-17,2022,50.0,0.058238750000000006,0.177685,0.5062406659126282,6.67682294117647E7
51093,Isle of Wight,2022-12-17,2022,50.0,0.0838275,0.19183375,0.39261770248413086,6.16024623529412E7
51193,Westmoreland,2022-12-17,2022,50.0,0.08984614660645626,0.25096748468657787,0.4711142451087065,6.1057701176470585E7
51171,Shenandoah,2022-12-17,2022,50.0,0.09125642857142857,0.2527639285714286,0.470096298626491,5.776891764705879E7
51165,Rockingham,2022-12-24,2022,51.0,0.15119142225578464,0.3706606558843369,0.4375294437073428,1.4536741764705878E8
51001,Accomack,2022-12-24,2022,51.0,,,,1.1947461176470588E8
51015,Augusta,2022-12-24,2022,51.0,0.14311944200130564,0.31453029277232786,0.3860912705517622,9.990757764705883E7
51175,Southampton,2022-12-24,2022,51.0,0.07802342279883072,0.23285554096903877,0.506235046767925,8.448777882352939E7
51057,Essex,2022-12-24,2022,51.0,0.07767737009499717,0.21678179634093944,0.47224741542059373,6.943756941176468E7
51097,King and Queen,2022-12-24,2022,51.0,0.07387873448716688,0.21731067838528867,0.4974359582086985,6.813610235294119E7
51033,Caroline,2022-12-24,2022,51.0,0.07851930712526752,0.2178506374404526,0.47690008580436305,6.67682294117647E7
51093,Isle of Wight,2022-12-24,2022,51.0,0.07757738732381976,0.2183304453650349,0.4790816865785783,6.16024623529412E7
51193,Westmoreland,2022-12-24,2022,51.0,0.08435969861654165,0.2113865473356281,0.4299092903437498,6.1057701176470585E7
51171,Shenandoah,2022-12-24,2022,51.0,,,,5.776891764705879E7
51165,Rockingham,2023-01-01,2023,0.0,0.08163384615384614,0.2115438461538461,0.43401848123623776,1.4536741764705878E8
51001,Accomack,2023-01-01,2023,0.0,0.26265991684952283,0.43667444741585354,0.3205112328691169,1.1947461176470588E8
51015,Augusta,2023-01-01,2023,0.0,0.12657090130173904,0.27219030077290757,0.36979745292359273,9.990757764705883E7
51175,Southampton,2023-01-01,2023,0.0,0.9051660518297788,0.8540725977667663,-0.02672285870990835,8.448777882352939E7
51057,Essex,2023-01-01,2023,0.0,0.8979905357142857,0.8469819642857143,-0.029198991933039257,6.943756941176468E7
51097,King and Queen,2023-01-01,2023,0.0,0.5651662388131732,0.6044076015588442,0.05348867000771351,6.813610235294119E7
51033,Caroline,2023-01-01,2023,0.0,0.07176875000000002,0.2015,0.48213133215904236,6.67682294117647E7
51093,Isle of Wight,2023-01-01,2023,0.0,0.558834039482448,0.6088053023624825,0.09701283476810835,6.16024623529412E7
51193,Westmoreland,2023-01-01,2023,0.0,0.9828071970983848,0.920183754940027,-0.0328411425694442,6.1057701176470585E7
51171,Shenandoah,2023-01-01,2023,0.0,,,,5.776891764705879E7
51165,Rockingham,2023-01-08,2023,1.0,0.09599477294515366,0.2702257565972046,0.4756080474097563,1.4536741764705878E8
51001,Accomack,2023-01-08,2023,1.0,,,,1.1947461176470588E8
51015,Augusta,2023-01-08,2023,1.0,0.09844724575475726,0.2450529348067241,0.42993791571645285,9.990757764705883E7
51175,Southampton,2023-01-08,2023,1.0,,,,8.448777882352939E7
51057,Essex,2023-01-08,2023,1.0,,,,6.943756941176468E7
51097,King and Queen,2023-01-08,2023,1.0,,,,6.813610235294119E7
51033,Caroline,2023-01-08,2023,1.0,,,,6.67682294117647E7
51093,Isle of Wight,2023-01-08,2023,1.0,,,,6.16024623529412E7
51193,Westmoreland,2023-01-08,2023,1.0,,,,6.1057701176470585E7
51171,Shenandoah,2023-01-08,2023,1.0,,,,5.776891764705879E7
51165,Rockingham,2023-01-15,2023,2.0,0.10763946972156822,0.2803250843209676,0.43773474829154924,1.4536741764705878E8
51001,Accomack,2023-01-15,2023,2.0,0.07393827103714738,0.23826632275272927,0.521486484889367,1.1947461176470588E8
51015,Augusta,2023-01-15,2023,2.0,0.11298836251954081,0.26151608072526017,0.3945468385261664,9.990757764705883E7
51175,Southampton,2023-01-15,2023,2.0,,,,8.448777882352939E7
51057,Essex,2023-01-15,2023,2.0,0.06054500000000001,0.18364250000000001,0.4038600135933269,6.943756941176468E7
51097,King and Queen,2023-01-15,2023,2.0,0.07236923992068736,0.22032257518175802,0.5067766943007157,6.813610235294119E7
51033,Caroline,2023-01-15,2023,2.0,,,,6.67682294117647E7
51093,Isle of Wight,2023-01-15,2023,2.0,0.04640538920863309,0.12620124100719424,0.4822089478309206,6.16024623529412E7
51193,Westmoreland,2023-01-15,2023,2.0,0.0743152655345561,0.2235128006660158,0.49775081760082385,6.1057701176470585E7
51171,Shenandoah,2023-01-15,2023,2.0,0.1157891552235527,0.26073846003149154,0.3867946573379619,5.776891764705879E7
51165,Rockingham,2023-01-29,2023,4.0,0.10758552707087847,0.2907458101335704,0.45967952328414424,1.4536741764705878E8
51001,Accomack,2023-01-29,2023,4.0,,,,1.1947461176470588E8
51015,Augusta,2023-01-29,2023,4.0,0.10634210792946032,0.25420357868736515,0.4090368964698734,9.990757764705883E7
51175,Southampton,2023-01-29,2023,4.0,,,,8.448777882352939E7
51057,Essex,2023-01-29,2023,4.0,,,,6.943756941176468E7
51097,King and Queen,2023-01-29,2023,4.0,,,,6.813610235294119E7
51033,Caroline,2023-01-29,2023,4.0,,,,6.67682294117647E7
51093,Isle of Wight,2023-01-29,2023,4.0,,,,6.16024623529412E7
51193,Westmoreland,2023-01-29,2023,4.0,,,,6.1057701176470585E7
51171,Shenandoah,2023-01-29,2023,4.0,0.11868189191510634,0.259536873448066,0.376851710922517,5.776891764705879E7
51165,Rockingham,2023-02-05,2023,5.0,0.1082778158486572,0.27271870981611324,0.42744220112946824,1.4536741764705878E8
51001,Accomack,2023-02-05,2023,5.0,,,,1.1947461176470588E8
51015,Augusta,2023-02-05,2023,5.0,0.1251433087026282,0.281036509069934,0.3884901639352592,9.990757764705883E7
51175,Southampton,2023-02-05,2023,5.0,,,,8.448777882352939E7
51057,Essex,2023-02-05,2023,5.0,,,,6.943756941176468E7
51097,King and Queen,2023-02-05,2023,5.0,,,,6.813610235294119E7
51033,Caroline,2023-02-05,2023,5.0,,,,6.67682294117647E7
51093,Isle of Wight,2023-02-05,2023,5.0,,,,6.16024623529412E7
51193,Westmoreland,2023-02-05,2023,5.0,,,,6.1057701176470585E7
51171,Shenandoah,2023-02-05,2023,5.0,,,,5.776891764705879E7
51165,Rockingham,2023-02-19,2023,7.0,0.10054390704337453,0.31110829335610923,0.506240168825801,1.4536741764705878E8
51001,Accomack,2023-02-19,2023,7.0,0.07504310320076558,0.2561016721607823,0.5373309568220136,1.1947461176470588E8
51015,Augusta,2023-02-19,2023,7.0,0.10199118521813254,0.26946611401644033,0.44915866896744444,9.990757764705883E7
51175,Southampton,2023-02-19,2023,7.0,0.07184724218507775,0.2495376536083602,0.5567788177683105,8.448777882352939E7
51057,Essex,2023-02-19,2023,7.0,0.06706250000000001,0.19152250000000004,0.40653954607180576,6.943756941176468E7
51097,King and Queen,2023-02-19,2023,7.0,0.07278203393295178,0.23937160402627797,0.5360438123021447,6.813610235294119E7
51033,Caroline,2023-02-19,2023,7.0,,,,6.67682294117647E7
51093,Isle of Wight,2023-02-19,2023,7.0,0.07727686274839832,0.24438519052748506,0.5207730354796705,6.16024623529412E7
51193,Westmoreland,2023-02-19,2023,7.0,0.07799015112627063,0.2423178085846476,0.5140120406139707,6.1057701176470585E7
51171,Shenandoah,2023-02-19,2023,7.0,0.13469777929155316,0.29465492716411656,0.376431070541441,5.776891764705879E7
51165,Rockingham,2023-02-26,2023,8.0,0.08874771535751866,0.2789087245528157,0.5146441193467673,1.4536741764705878E8
51001,Accomack,2023-02-26,2023,8.0,,,,1.1947461176470588E8
51015,Augusta,2023-02-26,2023,8.0,0.07940808260624825,0.20174398079088096,0.43385148397110085,9.990757764705883E7
51175,Southampton,2023-02-26,2023,8.0,0.08634463259409648,0.2618474558149824,0.5044492497784981,8.448777882352939E7
51057,Essex,2023-02-26,2023,8.0,0.1833225,0.35779625,0.3275236040353775,6.943756941176468E7
51097,King and Queen,2023-02-26,2023,8.0,0.1324784375,0.30013562499999996,0.4495203550904989,6.813610235294119E7
51033,Caroline,2023-02-26,2023,8.0,,,,6.67682294117647E7
51093,Isle of Wight,2023-02-26,2023,8.0,0.08208978748997595,0.2498976149425288,0.505576191914652,6.16024623529412E7
51193,Westmoreland,2023-02-26,2023,8.0,0.09377096455042197,0.25552195723328264,0.4776004666564923,6.1057701176470585E7
51171,Shenandoah,2023-02-26,2023,8.0,,,,5.776891764705879E7
51165,Rockingham,2023-03-05,2023,9.0,0.08805493364887429,0.31236816982319815,0.5597340173890518,1.4536741764705878E8
51001,Accomack,2023-03-05,2023,9.0,0.07116287293802515,0.27045045520825284,0.574014519772229,1.1947461176470588E8
51015,Augusta,2023-03-05,2023,9.0,0.1023017893936573,0.2915927769658041,0.4825830485065326,9.990757764705883E7
51175,Southampton,2023-03-05,2023,9.0,0.07500394804498206,0.2560955753847151,0.5508973941135825,8.448777882352939E7
51057,Essex,2023-03-05,2023,9.0,0.07382928571428571,0.23323107142857138,0.4501267394849232,6.943756941176468E7
51097,King and Queen,2023-03-05,2023,9.0,0.07283805343348858,0.2482007886515961,0.5451370327484096,6.813610235294119E7
51033,Caroline,2023-03-05,2023,9.0,,,,6.67682294117647E7
51093,Isle of Wight,2023-03-05,2023,9.0,0.08077789541275623,0.26275689180901557,0.5307312406932536,6.16024623529412E7
51193,Westmoreland,2023-03-05,2023,9.0,0.07835460437516459,0.26780979325783516,0.5403366324973219,6.1057701176470585E7
51171,Shenandoah,2023-03-05,2023,9.0,0.11624996322054307,0.3008140064531228,0.45030198109824343,5.776891764705879E7
51165,Rockingham,2023-03-12,2023,10.0,,,,1.4536741764705878E8
51001,Accomack,2023-03-12,2023,10.0,,,,1.1947461176470588E8
51015,Augusta,2023-03-12,2023,10.0,0.11161166666666666,0.2561718333333333,0.4158069203297297,9.990757764705883E7
51175,Southampton,2023-03-12,2023,10.0,0.07274077363827043,0.24615512754178684,0.548955083181302,8.448777882352939E7
51057,Essex,2023-03-12,2023,10.0,0.07587641756969635,0.24225371571271698,0.5167881312524532,6.943756941176468E7
51097,King and Queen,2023-03-12,2023,10.0,0.07241718816046966,0.2407000768101761,0.5395362373378763,6.813610235294119E7
51033,Caroline,2023-03-12,2023,10.0,0.07713126271695907,0.24106158644706152,0.5171749176880793,6.67682294117647E7
51093,Isle of Wight,2023-03-12,2023,10.0,0.07335933776831499,0.2447339063324019,0.5417754608755341,6.16024623529412E7
51193,Westmoreland,2023-03-12,2023,10.0,0.07850856849228816,0.2413799138711651,0.5064668610095934,6.1057701176470585E7
51171,Shenandoah,2023-03-12,2023,10.0,,,,5.776891764705879E7
51165,Rockingham,2023-03-19,2023,11.0,0.10370053747217597,0.3374202322514657,0.5407399169961242,1.4536741764705878E8
51001,Accomack,2023-03-19,2023,11.0,,,,1.1947461176470588E8
51015,Augusta,2023-03-19,2023,11.0,0.11887982887026269,0.3293059018084441,0.4827763565184203,9.990757764705883E7
51175,Southampton,2023-03-19,2023,11.0,,,,8.448777882352939E7
51057,Essex,2023-03-19,2023,11.0,,,,6.943756941176468E7
51097,King and Queen,2023-03-19,2023,11.0,,,,6.813610235294119E7
51033,Caroline,2023-03-19,2023,11.0,,,,6.67682294117647E7
51093,Isle of Wight,2023-03-19,2023,11.0,0.12380878511361604,0.34225260690642334,0.4782597395831559,6.16024623529412E7
51193,Westmoreland,2023-03-19,2023,11.0,,,,6.1057701176470585E7
51171,Shenandoah,2023-03-19,2023,11.0,0.12120523809523813,0.3441660714285714,0.4865375565631049,5.776891764705879E7
51165,Rockingham,2023-03-26,2023,12.0,0.0725013305322129,0.3305912237394959,0.6367947046109245,1.4536741764705878E8
51001,Accomack,2023-03-26,2023,12.0,,,,1.1947461176470588E8
51015,Augusta,2023-03-26,2023,12.0,0.08748547175798606,0.31675333086524227,0.5673895059404372,9.990757764705883E7
51175,Southampton,2023-03-26,2023,12.0,,,,8.448777882352939E7
51057,Essex,2023-03-26,2023,12.0,,,,6.943756941176468E7
51097,King and Queen,2023-03-26,2023,12.0,,,,6.813610235294119E7
51033,Caroline,2023-03-26,2023,12.0,,,,6.67682294117647E7
51093,Isle of Wight,2023-03-26,2023,12.0,,,,6.16024623529412E7
51193,Westmoreland,2023-03-26,2023,12.0,,,,6.1057701176470585E7
51171,Shenandoah,2023-03-26,2023,12.0,,,,5.776891764705879E7
51165,Rockingham,2023-04-02,2023,13.0,,,,1.4536741764705878E8
51001,Accomack,2023-04-02,2023,13.0,,,,1.1947461176470588E8
51015,Augusta,2023-04-02,2023,13.0,,,,9.990757764705883E7
51175,Southampton,2023-04-02,2023,13.0,,,,8.448777882352939E7
51057,Essex,2023-04-02,2023,13.0,,,,6.943756941176468E7
51097,King and Queen,2023-04-02,2023,13.0,,,,6.813610235294119E7
51033,Caroline,2023-04-02,2023,13.0,,,,6.67682294117647E7
51093,Isle of Wight,2023-04-02,2023,13.0,,,,6.16024623529412E7
51193,Westmoreland,2023-04-02,2023,13.0,,,,6.1057701176470585E7
51171,Shenandoah,2023-04-02,2023,13.0,,,,5.776891764705879E7
51165,Rockingham,2023-04-09,2023,14.0,,,,1.4536741764705878E8
51001,Accomack,2023-04-09,2023,14.0,0.07735419920799558,0.2956315699870665,0.5757044095690973,1.1947461176470588E8
51015,Augusta,2023-04-09,2023,14.0,0.08691546300525234,0.3460712836834895,0.6175025186101678,9.990757764705883E7
51175,Southampton,2023-04-09,2023,14.0,0.08321389252427581,0.26097561046272916,0.523906464398535,8.448777882352939E7
51057,Essex,2023-04-09,2023,14.0,0.06275638888888888,0.2401466666666667,0.4257728126313951,6.943756941176468E7
51097,King and Queen,2023-04-09,2023,14.0,0.07942913289778365,0.27093120038041685,0.5534323772124077,6.813610235294119E7
51033,Caroline,2023-04-09,2023,14.0,,,,6.67682294117647E7
51093,Isle of Wight,2023-04-09,2023,14.0,0.08899366247854035,0.2718477714147059,0.513089861276964,6.16024623529412E7
51193,Westmoreland,2023-04-09,2023,14.0,0.07799621281575181,0.29819270734207576,0.5827021348707028,6.1057701176470585E7
51171,Shenandoah,2023-04-09,2023,14.0,,,,5.776891764705879E7
51165,Rockingham,2023-04-16,2023,15.0,,,,1.4536741764705878E8
51001,Accomack,2023-04-16,2023,15.0,,,,1.1947461176470588E8
51015,Augusta,2023-04-16,2023,15.0,,,,9.990757764705883E7
51175,Southampton,2023-04-16,2023,15.0,0.07728380167196637,0.2577290604164529,0.5463111640042184,8.448777882352939E7
51057,Essex,2023-04-16,2023,15.0,0.08263337078718734,0.28648314090844,0.552406307096606,6.943756941176468E7
51097,King and Queen,2023-04-16,2023,15.0,0.08279258823385156,0.27802470736671736,0.5486356724366239,6.813610235294119E7
51033,Caroline,2023-04-16,2023,15.0,0.07634663227949565,0.2921134043170865,0.5917501654246807,6.67682294117647E7
51093,Isle of Wight,2023-04-16,2023,15.0,0.07567940496684514,0.2664515458428974,0.560401246525505,6.16024623529412E7
51193,Westmoreland,2023-04-16,2023,15.0,0.08930852110555514,0.3006645588637856,0.5446246363169842,6.1057701176470585E7
51171,Shenandoah,2023-04-16,2023,15.0,,,,5.776891764705879E7
51165,Rockingham,2023-04-23,2023,16.0,0.09607794398736168,0.3927004646342995,0.611641344405314,1.4536741764705878E8
51001,Accomack,2023-04-23,2023,16.0,0.09013227551632215,0.3021337434909835,0.5367503129352488,1.1947461176470588E8
51015,Augusta,2023-04-23,2023,16.0,0.09016404394766045,0.3759754288422415,0.6180945953796217,9.990757764705883E7
51175,Southampton,2023-04-23,2023,16.0,0.09633800565535593,0.31090643194380463,0.5300360536833394,8.448777882352939E7
51057,Essex,2023-04-23,2023,16.0,0.0816303947368421,0.31410815789473684,0.557232785185701,6.943756941176468E7
51097,King and Queen,2023-04-23,2023,16.0,0.09079096281097354,0.31691407851016706,0.5589513138480807,6.813610235294119E7
51033,Caroline,2023-04-23,2023,16.0,,,,6.67682294117647E7
51093,Isle of Wight,2023-04-23,2023,16.0,0.10424469307305381,0.33235006104243214,0.5276518822543733,6.16024623529412E7
51193,Westmoreland,2023-04-23,2023,16.0,0.10880688989317999,0.38378892152834837,0.5565786624209452,6.1057701176470585E7
51171,Shenandoah,2023-04-23,2023,16.0,0.09225878172588824,0.3559199323181049,0.5972638978514312,5.776891764705879E7
51165,Rockingham,2023-04-30,2023,17.0,,,,1.4536741764705878E8
51001,Accomack,2023-04-30,2023,17.0,,,,1.1947461176470588E8
51015,Augusta,2023-04-30,2023,17.0,,,,9.990757764705883E7
51175,Southampton,2023-04-30,2023,17.0,0.08846583333333333,0.312094,0.5626266280810038,8.448777882352939E7
51057,Essex,2023-04-30,2023,17.0,,,,6.943756941176468E7
51097,King and Queen,2023-04-30,2023,17.0,,,,6.813610235294119E7
51033,Caroline,2023-04-30,2023,17.0,,,,6.67682294117647E7
51093,Isle of Wight,2023-04-30,2023,17.0,,,,6.16024623529412E7
51193,Westmoreland,2023-04-30,2023,17.0,,,,6.1057701176470585E7
51171,Shenandoah,2023-04-30,2023,17.0,,,,5.776891764705879E7
51165,Rockingham,2023-05-07,2023,18.0,0.08371306584802857,0.3457991183455331,0.6103958737072284,1.4536741764705878E8
51001,Accomack,2023-05-07,2023,18.0,0.09487910112359549,0.2776468820224719,0.4956523551699821,1.1947461176470588E8
51015,Augusta,2023-05-07,2023,18.0,0.0860696407993124,0.36022788194419914,0.6172297116694501,9.990757764705883E7
51175,Southampton,2023-05-07,2023,18.0,0.10114850184766147,0.34129751534291625,0.5508046224197853,8.448777882352939E7
51057,Essex,2023-05-07,2023,18.0,0.092318125,0.290551875,0.48151616007089615,6.943756941176468E7
51097,King and Queen,2023-05-07,2023,18.0,0.08935993015133878,0.33669558267136884,0.5796500328270828,6.813610235294119E7
51033,Caroline,2023-05-07,2023,18.0,,,,6.67682294117647E7
51093,Isle of Wight,2023-05-07,2023,18.0,0.10961878635541338,0.34569950128722515,0.5254039230254051,6.16024623529412E7
51193,Westmoreland,2023-05-07,2023,18.0,0.10093906956967215,0.3659497486680329,0.5712380591437953,6.1057701176470585E7
51171,Shenandoah,2023-05-07,2023,18.0,0.07201771030917765,0.32436508217681576,0.6360493240806846,5.776891764705879E7
51165,Rockingham,2023-05-14,2023,19.0,0.13652098591549297,0.37192314386317904,0.46141194322819207,1.4536741764705878E8
51001,Accomack,2023-05-14,2023,19.0,,,,1.1947461176470588E8
51015,Augusta,2023-05-14,2023,19.0,0.08569011293717618,0.3767546035055052,0.6360861028211644,9.990757764705883E7
51175,Southampton,2023-05-14,2023,19.0,,,,8.448777882352939E7
51057,Essex,2023-05-14,2023,19.0,0.08276111111111112,0.31860722222222226,0.5691455867555406,6.943756941176468E7
51097,King and Queen,2023-05-14,2023,19.0,0.09945235294117648,0.37334911764705886,0.5846757713486167,6.813610235294119E7
51033,Caroline,2023-05-14,2023,19.0,0.09372710468340648,0.353295561694056,0.5840376453072178,6.67682294117647E7
51093,Isle of Wight,2023-05-14,2023,19.0,,,,6.16024623529412E7
51193,Westmoreland,2023-05-14,2023,19.0,0.07038916666666666,0.3000141666666667,0.6094733675320944,6.1057701176470585E7
51171,Shenandoah,2023-05-14,2023,19.0,,,,5.776891764705879E7
51165,Rockingham,2023-05-21,2023,20.0,0.12052572838151253,0.3618141676468148,0.5041818338360305,1.4536741764705878E8
51001,Accomack,2023-05-21,2023,20.0,,,,1.1947461176470588E8
51015,Augusta,2023-05-21,2023,20.0,0.11229410073598695,0.3739073295754692,0.5414268611688976,9.990757764705883E7
51175,Southampton,2023-05-21,2023,20.0,,,,8.448777882352939E7
51057,Essex,2023-05-21,2023,20.0,,,,6.943756941176468E7
51097,King and Queen,2023-05-21,2023,20.0,,,,6.813610235294119E7
51033,Caroline,2023-05-21,2023,20.0,0.06303749999999998,0.33410500000000004,0.6801931262016296,6.67682294117647E7
51093,Isle of Wight,2023-05-21,2023,20.0,,,,6.16024623529412E7
51193,Westmoreland,2023-05-21,2023,20.0,,,,6.1057701176470585E7
51171,Shenandoah,2023-05-21,2023,20.0,0.1062474940495807,0.3573781657145996,0.5486090308739413,5.776891764705879E7
51165,Rockingham,2023-05-28,2023,21.0,0.11013773906118521,0.3251004050466805,0.49651858971294893,1.4536741764705878E8
51001,Accomack,2023-05-28,2023,21.0,,,,1.1947461176470588E8
51015,Augusta,2023-05-28,2023,21.0,0.09292690426188319,0.3335390594938968,0.5678829634169578,9.990757764705883E7
51175,Southampton,2023-05-28,2023,21.0,,,,8.448777882352939E7
51057,Essex,2023-05-28,2023,21.0,,,,6.943756941176468E7
51097,King and Queen,2023-05-28,2023,21.0,,,,6.813610235294119E7
51033,Caroline,2023-05-28,2023,21.0,,,,6.67682294117647E7
51093,Isle of Wight,2023-05-28,2023,21.0,,,,6.16024623529412E7
51193,Westmoreland,2023-05-28,2023,21.0,,,,6.1057701176470585E7
51171,Shenandoah,2023-05-28,2023,21.0,,,,5.776891764705879E7
51165,Rockingham,2023-06-04,2023,22.0,,,,1.4536741764705878E8
51001,Accomack,2023-06-04,2023,22.0,,,,1.1947461176470588E8
51015,Augusta,2023-06-04,2023,22.0,,,,9.990757764705883E7
51175,Southampton,2023-06-04,2023,22.0,0.0865925806451613,0.3557049193548386,0.6105664699308334,8.448777882352939E7
51057,Essex,2023-06-04,2023,22.0,0.07943542121067444,0.36457407610061315,0.6454296731726586,6.943756941176468E7
51097,King and Queen,2023-06-04,2023,22.0,0.06500767300194933,0.3553883235867447,0.6884219266451801,6.813610235294119E7
51033,Caroline,2023-06-04,2023,22.0,0.08652708333333332,0.3793516666666667,0.6327937642733256,6.67682294117647E7
51093,Isle of Wight,2023-06-04,2023,22.0,0.09043208333333334,0.35210604166666665,0.5854020019372305,6.16024623529412E7
51193,Westmoreland,2023-06-04,2023,22.0,0.08774083020961547,0.3749324466170601,0.6195357129928722,6.1057701176470585E7
51171,Shenandoah,2023-06-04,2023,22.0,,,,5.776891764705879E7
51165,Rockingham,2023-06-11,2023,23.0,0.12044544737896497,0.3581955228213691,0.5013652888602129,1.4536741764705878E8
51001,Accomack,2023-06-11,2023,23.0,0.0688628129175508,0.32211469451649255,0.6398350284556978,1.1947461176470588E8
51015,Augusta,2023-06-11,2023,23.0,0.11860861324890404,0.3685380004870922,0.5183000295276848,9.990757764705883E7
51175,Southampton,2023-06-11,2023,23.0,0.08028057441962143,0.38269794758963077,0.6618176637997275,8.448777882352939E7
51057,Essex,2023-06-11,2023,23.0,0.06084666666666667,0.39856500000000006,0.7354605992635092,6.943756941176468E7
51097,King and Queen,2023-06-11,2023,23.0,0.06009888235294118,0.3656478235294117,0.7082304243217497,6.813610235294119E7
51033,Caroline,2023-06-11,2023,23.0,,,,6.67682294117647E7
51093,Isle of Wight,2023-06-11,2023,23.0,0.07994518300346105,0.37809752597415414,0.6577854007517824,6.16024623529412E7
51193,Westmoreland,2023-06-11,2023,23.0,0.06769073162675474,0.3447235379851363,0.6663888659091354,6.1057701176470585E7
51171,Shenandoah,2023-06-11,2023,23.0,0.11032636145293229,0.34753394184173686,0.5236357547023516,5.776891764705879E7
51165,Rockingham,2023-06-18,2023,24.0,0.10539150074093247,0.31751879098649866,0.5028650080364994,1.4536741764705878E8
51001,Accomack,2023-06-18,2023,24.0,,,,1.1947461176470588E8
51015,Augusta,2023-06-18,2023,24.0,0.09895052050594101,0.3255617085473362,0.5382935920461653,9.990757764705883E7
51175,Southampton,2023-06-18,2023,24.0,,,,8.448777882352939E7
51057,Essex,2023-06-18,2023,24.0,,,,6.943756941176468E7
51097,King and Queen,2023-06-18,2023,24.0,,,,6.813610235294119E7
51033,Caroline,2023-06-18,2023,24.0,,,,6.67682294117647E7
51093,Isle of Wight,2023-06-18,2023,24.0,,,,6.16024623529412E7
51193,Westmoreland,2023-06-18,2023,24.0,,,,6.1057701176470585E7
51171,Shenandoah,2023-06-18,2023,24.0,,,,5.776891764705879E7
51165,Rockingham,2023-06-25,2023,25.0,0.05710807692307694,0.3024546153846154,0.6836135066472567,1.4536741764705878E8
51001,Accomack,2023-06-25,2023,25.0,0.05421189049640699,0.327066712978268,0.7045228715591982,1.1947461176470588E8
51015,Augusta,2023-06-25,2023,25.0,0.08864,0.34869375,0.6649418473243713,9.990757764705883E7
51175,Southampton,2023-06-25,2023,25.0,0.053828245849160634,0.36552818647122487,0.7451037171801599,8.448777882352939E7
51057,Essex,2023-06-25,2023,25.0,0.058325833333333334,0.30541638888888883,0.645545095205307,6.943756941176468E7
51097,King and Queen,2023-06-25,2023,25.0,0.04201825979945305,0.3729890824977209,0.791569290453451,6.813610235294119E7
51033,Caroline,2023-06-25,2023,25.0,0.03693656249999999,0.356744375,0.8112795842545373,6.67682294117647E7
51093,Isle of Wight,2023-06-25,2023,25.0,0.0558984025607405,0.36638791653195374,0.7353254228962736,6.16024623529412E7
51193,Westmoreland,2023-06-25,2023,25.0,0.05251492948116895,0.3694958486677604,0.7443831898085743,6.1057701176470585E7
51171,Shenandoah,2023-06-25,2023,25.0,,,,5.776891764705879E7
51165,Rockingham,2023-07-02,2023,26.0,0.04892416666666666,0.29747666666666667,0.7326294328227188,1.4536741764705878E8
51001,Accomack,2023-07-02,2023,26.0,,,,1.1947461176470588E8
51015,Augusta,2023-07-02,2023,26.0,0.06073208333333333,0.34522416666666667,0.7015140255292257,9.990757764705883E7
51175,Southampton,2023-07-02,2023,26.0,0.07578375,0.42243499999999995,0.6997215449810028,8.448777882352939E7
51057,Essex,2023-07-02,2023,26.0,0.045527815520583714,0.3969103679222423,0.7923093313566268,6.943756941176468E7
51097,King and Queen,2023-07-02,2023,26.0,0.03965842567895247,0.37945029279825415,0.8145231478328155,6.813610235294119E7
51033,Caroline,2023-07-02,2023,26.0,0.05080627120904919,0.3749291777158254,0.7680542707211078,6.67682294117647E7
51093,Isle of Wight,2023-07-02,2023,26.0,0.06534098719676548,0.39603515835579506,0.7217503928252367,6.16024623529412E7
51193,Westmoreland,2023-07-02,2023,26.0,0.04624153915001732,0.35183162258921347,0.760046343936809,6.1057701176470585E7
51171,Shenandoah,2023-07-02,2023,26.0,,,,5.776891764705879E7
51165,Rockingham,2023-07-09,2023,27.0,0.06052593456035341,0.38718653231080297,0.7287310403808739,1.4536741764705878E8
51001,Accomack,2023-07-09,2023,27.0,0.062079562842131154,0.3602447156680688,0.7016554242231938,1.1947461176470588E8
51015,Augusta,2023-07-09,2023,27.0,0.05792179515400869,0.395403270003522,0.7446772102204525,9.990757764705883E7
51175,Southampton,2023-07-09,2023,27.0,0.0634355104492442,0.4244952060936279,0.7475362570375274,8.448777882352939E7
51057,Essex,2023-07-09,2023,27.0,0.04619833333333332,0.34625541666666665,0.6635836598773798,6.943756941176468E7
51097,King and Queen,2023-07-09,2023,27.0,0.04983520628244137,0.39983006398782894,0.7746072602622494,6.813610235294119E7
51033,Caroline,2023-07-09,2023,27.0,0.023121249999999996,0.36296625,0.8802465200424194,6.67682294117647E7
51093,Isle of Wight,2023-07-09,2023,27.0,0.06669780082353141,0.41709663127073454,0.7331097378334608,6.16024623529412E7
51193,Westmoreland,2023-07-09,2023,27.0,0.11457882618736821,0.4477995652173913,0.6102076732157129,6.1057701176470585E7
51171,Shenandoah,2023-07-09,2023,27.0,0.061342414826359874,0.3767595983887258,0.7217164844829734,5.776891764705879E7
51165,Rockingham,2023-07-16,2023,28.0,0.03953971819669256,0.41177192387853284,0.8229012869645452,1.4536741764705878E8
51001,Accomack,2023-07-16,2023,28.0,,,,1.1947461176470588E8
51015,Augusta,2023-07-16,2023,28.0,0.04711774735501568,0.39868985501567406,0.791729648591965,9.990757764705883E7
51175,Southampton,2023-07-16,2023,28.0,,,,8.448777882352939E7
51057,Essex,2023-07-16,2023,28.0,,,,6.943756941176468E7
51097,King and Queen,2023-07-16,2023,28.0,,,,6.813610235294119E7
51033,Caroline,2023-07-16,2023,28.0,,,,6.67682294117647E7
51093,Isle of Wight,2023-07-16,2023,28.0,,,,6.16024623529412E7
51193,Westmoreland,2023-07-16,2023,28.0,,,,6.1057701176470585E7
51171,Shenandoah,2023-07-16,2023,28.0,,,,5.776891764705879E7
51165,Rockingham,2023-07-23,2023,29.0,0.05203182534108934,0.3943901019605057,0.7649188858100238,1.4536741764705878E8
51001,Accomack,2023-07-23,2023,29.0,,,,1.1947461176470588E8
51015,Augusta,2023-07-23,2023,29.0,0.045984186884103585,0.40902481124300555,0.797395361517081,9.990757764705883E7
51175,Southampton,2023-07-23,2023,29.0,,,,8.448777882352939E7
51057,Essex,2023-07-23,2023,29.0,,,,6.943756941176468E7
51097,King and Queen,2023-07-23,2023,29.0,,,,6.813610235294119E7
51033,Caroline,2023-07-23,2023,29.0,0.02187,0.36315875000000003,0.8864914774894714,6.67682294117647E7
51093,Isle of Wight,2023-07-23,2023,29.0,,,,6.16024623529412E7
51193,Westmoreland,2023-07-23,2023,29.0,,,,6.1057701176470585E7
51171,Shenandoah,2023-07-23,2023,29.0,0.05739978539207024,0.3706607338767968,0.7292750670951816,5.776891764705879E7
51165,Rockingham,2023-07-30,2023,30.0,0.06558535616438356,0.4290660816649105,0.7401027273495323,1.4536741764705878E8
51001,Accomack,2023-07-30,2023,30.0,0.04625350929294915,0.3850004607139345,0.7657164095551559,1.1947461176470588E8
51015,Augusta,2023-07-30,2023,30.0,0.061824829365419214,0.4111694243491478,0.7449833351473975,9.990757764705883E7
51175,Southampton,2023-07-30,2023,30.0,0.04195093210992985,0.45684297598041385,0.8318992943495855,8.448777882352939E7
51057,Essex,2023-07-30,2023,30.0,0.04948687500000001,0.39518937499999995,0.7359069585800171,6.943756941176468E7
51097,King and Queen,2023-07-30,2023,30.0,0.03554269474196688,0.42158081304771194,0.8409080824287865,6.813610235294119E7
51033,Caroline,2023-07-30,2023,30.0,,,,6.67682294117647E7
51093,Isle of Wight,2023-07-30,2023,30.0,0.0456583162808661,0.45299719523184795,0.8158476183236204,6.16024623529412E7
51193,Westmoreland,2023-07-30,2023,30.0,0.040124669403875664,0.416106210291527,0.8171403838665897,6.1057701176470585E7
51171,Shenandoah,2023-07-30,2023,30.0,,,,5.776891764705879E7
51165,Rockingham,2023-08-06,2023,31.0,,,,1.4536741764705878E8
51001,Accomack,2023-08-06,2023,31.0,,,,1.1947461176470588E8
51015,Augusta,2023-08-06,2023,31.0,,,,9.990757764705883E7
51175,Southampton,2023-08-06,2023,31.0,0.03800212658227848,0.37455113406214047,0.8171440340622985,8.448777882352939E7
51057,Essex,2023-08-06,2023,31.0,0.04291423626681614,0.37258277253119515,0.7948002083698057,6.943756941176468E7
51097,King and Queen,2023-08-06,2023,31.0,0.03604824082497774,0.37827237621462584,0.8260522323174647,6.813610235294119E7
51033,Caroline,2023-08-06,2023,31.0,0.03448219632790481,0.3711653164343878,0.8296761806462761,6.67682294117647E7
51093,Isle of Wight,2023-08-06,2023,31.0,0.039365066493341316,0.36087389763828626,0.8037744582128961,6.16024623529412E7
51193,Westmoreland,2023-08-06,2023,31.0,0.03654980024025582,0.36785643192891104,0.8081366837343029,6.1057701176470585E7
51171,Shenandoah,2023-08-06,2023,31.0,,,,5.776891764705879E7
51165,Rockingham,2023-08-13,2023,32.0,0.07163883281974254,0.4120075031744553,0.7004572747316516,1.4536741764705878E8
51001,Accomack,2023-08-13,2023,32.0,0.036723812180865116,0.3540661109524173,0.8015495518257812,1.1947461176470588E8
51015,Augusta,2023-08-13,2023,32.0,,,,9.990757764705883E7
51175,Southampton,2023-08-13,2023,32.0,0.038068205499143616,0.3628954191644238,0.8104674434819372,8.448777882352939E7
51057,Essex,2023-08-13,2023,32.0,0.03950666666666666,0.2982236111111111,0.6050553686088986,6.943756941176468E7
51097,King and Queen,2023-08-13,2023,32.0,0.036394942664281074,0.3609439398991543,0.8133750285979945,6.813610235294119E7
51033,Caroline,2023-08-13,2023,32.0,0.034231250000000005,0.33395375,0.8140527606010437,6.67682294117647E7
51093,Isle of Wight,2023-08-13,2023,32.0,0.044158976709820955,0.3586286725256052,0.777863225321516,6.16024623529412E7
51193,Westmoreland,2023-08-13,2023,32.0,0.03854543286697071,0.3740557137473912,0.7977294354439887,6.1057701176470585E7
51171,Shenandoah,2023-08-13,2023,32.0,0.0666962917970014,0.39908832906374714,0.7139997107962577,5.776891764705879E7
51165,Rockingham,2023-08-20,2023,33.0,0.08151750000000002,0.34210749999999995,0.6151431202888489,1.4536741764705878E8
51001,Accomack,2023-08-20,2023,33.0,,,,1.1947461176470588E8
51015,Augusta,2023-08-20,2023,33.0,0.0501675,0.24561,0.6616864734225802,9.990757764705883E7
51175,Southampton,2023-08-20,2023,33.0,0.04795830651738914,0.32356830265676323,0.7427078764746706,8.448777882352939E7
51057,Essex,2023-08-20,2023,33.0,0.0466830966606345,0.316222483571792,0.7358620994409854,6.943756941176468E7
51097,King and Queen,2023-08-20,2023,33.0,0.044431018130582735,0.3118333374893663,0.7505026706247597,6.813610235294119E7
51033,Caroline,2023-08-20,2023,33.0,0.04807162861179119,0.31801089296598173,0.738670193439049,6.67682294117647E7
51093,Isle of Wight,2023-08-20,2023,33.0,0.05084425395103809,0.32679604140842883,0.732091309571933,6.16024623529412E7
51193,Westmoreland,2023-08-20,2023,33.0,0.05051171385822769,0.3355947428048163,0.7378189971342549,6.1057701176470585E7
51171,Shenandoah,2023-08-20,2023,33.0,,,,5.776891764705879E7
51165,Rockingham,2023-08-27,2023,34.0,0.10341666666666667,0.35159652777777783,0.5486061308119032,1.4536741764705878E8
51001,Accomack,2023-08-27,2023,34.0,0.046862121180539486,0.29577417295845093,0.7096585141931965,1.1947461176470588E8
51015,Augusta,2023-08-27,2023,34.0,,,,9.990757764705883E7
51175,Southampton,2023-08-27,2023,34.0,0.04631993963236578,0.3139113887051688,0.7417560894119704,8.448777882352939E7
51057,Essex,2023-08-27,2023,34.0,0.06531656250000001,0.27630687500000006,0.6178183071315289,6.943756941176468E7
51097,King and Queen,2023-08-27,2023,34.0,0.04551974190283399,0.30424369433198384,0.7388147906039321,6.813610235294119E7
51033,Caroline,2023-08-27,2023,34.0,,,,6.67682294117647E7
51093,Isle of Wight,2023-08-27,2023,34.0,0.05478579272621457,0.3172757700056281,0.7146060190294904,6.16024623529412E7
51193,Westmoreland,2023-08-27,2023,34.0,0.04763359111716191,0.31270819965668284,0.7219388391364652,6.1057701176470585E7
51171,Shenandoah,2023-08-27,2023,34.0,0.06241875,0.228291875,0.5781483724713326,5.776891764705879E7
51165,Rockingham,2023-09-03,2023,35.0,0.09339146394702769,0.3337941174228181,0.5728887640702055,1.4536741764705878E8
51001,Accomack,2023-09-03,2023,35.0,,,,1.1947461176470588E8
51015,Augusta,2023-09-03,2023,35.0,0.07856498925619122,0.31488767075522284,0.6137908938608594,9.990757764705883E7
51175,Southampton,2023-09-03,2023,35.0,0.05179827796679877,0.29653739649153144,0.7034934705978091,8.448777882352939E7
51057,Essex,2023-09-03,2023,35.0,0.05978989024765277,0.2825813618548225,0.6502613292695313,6.943756941176468E7
51097,King and Queen,2023-09-03,2023,35.0,0.05710518850464235,0.28044611709579126,0.6690136513934579,6.813610235294119E7
51033,Caroline,2023-09-03,2023,35.0,0.054034040897307616,0.27474229284154983,0.6737695869701504,6.67682294117647E7
51093,Isle of Wight,2023-09-03,2023,35.0,0.06383561632714625,0.31082929015686517,0.667256959689195,6.16024623529412E7
51193,Westmoreland,2023-09-03,2023,35.0,0.05367349274142948,0.287807371156808,0.6801900530349686,6.1057701176470585E7
51171,Shenandoah,2023-09-03,2023,35.0,,,,5.776891764705879E7
51165,Rockingham,2023-09-10,2023,36.0,0.08764665579558281,0.2885875452912832,0.540016183947174,1.4536741764705878E8
51001,Accomack,2023-09-10,2023,36.0,,,,1.1947461176470588E8
51015,Augusta,2023-09-10,2023,36.0,0.07599926876781812,0.29416208156183904,0.593037618100565,9.990757764705883E7
51175,Southampton,2023-09-10,2023,36.0,,,,8.448777882352939E7
51057,Essex,2023-09-10,2023,36.0,,,,6.943756941176468E7
51097,King and Queen,2023-09-10,2023,36.0,,,,6.813610235294119E7
51033,Caroline,2023-09-10,2023,36.0,0.0342175,0.24341,0.7536345720291138,6.67682294117647E7
51093,Isle of Wight,2023-09-10,2023,36.0,,,,6.16024623529412E7
51193,Westmoreland,2023-09-10,2023,36.0,,,,6.1057701176470585E7
51171,Shenandoah,2023-09-10,2023,36.0,0.07324194618379773,0.259934130933636,0.5638842207651793,5.776891764705879E7
51165,Rockingham,2023-09-17,2023,37.0,0.10323040950954906,0.2944457362413832,0.48608686780441895,1.4536741764705878E8
51001,Accomack,2023-09-17,2023,37.0,0.06557610857281893,0.2639786275649517,0.5849558730336555,1.1947461176470588E8
51015,Augusta,2023-09-17,2023,37.0,0.08123721739521902,0.2802749842997344,0.5606589534469658,9.990757764705883E7
51175,Southampton,2023-09-17,2023,37.0,0.05551278830485459,0.31068237461808307,0.7008594383349768,8.448777882352939E7
51057,Essex,2023-09-17,2023,37.0,,,,6.943756941176468E7
51097,King and Queen,2023-09-17,2023,37.0,,,,6.813610235294119E7
51033,Caroline,2023-09-17,2023,37.0,,,,6.67682294117647E7
51093,Isle of Wight,2023-09-17,2023,37.0,0.06674098981646549,0.32493550170580604,0.6645552462616213,6.16024623529412E7
51193,Westmoreland,2023-09-17,2023,37.0,,,,6.1057701176470585E7
51171,Shenandoah,2023-09-17,2023,37.0,,,,5.776891764705879E7
51165,Rockingham,2023-09-24,2023,38.0,,,,1.4536741764705878E8
51001,Accomack,2023-09-24,2023,38.0,,,,1.1947461176470588E8
51015,Augusta,2023-09-24,2023,38.0,,,,9.990757764705883E7
51175,Southampton,2023-09-24,2023,38.0,0.05660481355161437,0.2475498275731393,0.654840418203538,8.448777882352939E7
51057,Essex,2023-09-24,2023,38.0,,,,6.943756941176468E7
51097,King and Queen,2023-09-24,2023,38.0,,,,6.813610235294119E7
51033,Caroline,2023-09-24,2023,38.0,,,,6.67682294117647E7
51093,Isle of Wight,2023-09-24,2023,38.0,0.046266428571428576,0.2796353571428572,0.7433918033327375,6.16024623529412E7
51193,Westmoreland,2023-09-24,2023,38.0,,,,6.1057701176470585E7
51171,Shenandoah,2023-09-24,2023,38.0,,,,5.776891764705879E7
51165,Rockingham,2023-10-01,2023,39.0,0.08304479307298876,0.28386437482704086,0.5589321639773184,1.4536741764705878E8
51001,Accomack,2023-10-01,2023,39.0,0.06851447407827817,0.24151557818842956,0.556394471185941,1.1947461176470588E8
51015,Augusta,2023-10-01,2023,39.0,0.0697003480257567,0.283799329617327,0.61069554709616,9.990757764705883E7
51175,Southampton,2023-10-01,2023,39.0,0.06200860280742177,0.29324085235770875,0.6589150144428324,8.448777882352939E7
51057,Essex,2023-10-01,2023,39.0,0.06183361111111111,0.23426472222222225,0.5380865368578169,6.943756941176468E7
51097,King and Queen,2023-10-01,2023,39.0,0.06596166517566689,0.26828667086857527,0.6160171682217445,6.813610235294119E7
51033,Caroline,2023-10-01,2023,39.0,0.028813749999999985,0.25461625,0.7950322031974792,6.67682294117647E7
51093,Isle of Wight,2023-10-01,2023,39.0,0.06712608774867877,0.2964159690476992,0.6368677479519136,6.16024623529412E7
51193,Westmoreland,2023-10-01,2023,39.0,0.06855865376439664,0.274146424982608,0.6082797637685144,6.1057701176470585E7
51171,Shenandoah,2023-10-01,2023,39.0,0.06724158578158396,0.26968152497667136,0.6089908196994673,5.776891764705879E7
51165,Rockingham,2023-10-08,2023,40.0,,,,1.4536741764705878E8
51001,Accomack,2023-10-08,2023,40.0,,,,1.1947461176470588E8
51015,Augusta,2023-10-08,2023,40.0,,,,9.990757764705883E7
51175,Southampton,2023-10-08,2023,40.0,0.07172612460440467,0.2752295838940498,0.5992655345919597,8.448777882352939E7
51057,Essex,2023-10-08,2023,40.0,0.07179703202130736,0.25679944588796777,0.5665839754357911,6.943756941176468E7
51097,King and Queen,2023-10-08,2023,40.0,0.07017144671146205,0.25906743339545835,0.5885652463899423,6.813610235294119E7
51033,Caroline,2023-10-08,2023,40.0,0.0650094533198952,0.2655550058156059,0.6177506634295343,6.67682294117647E7
51093,Isle of Wight,2023-10-08,2023,40.0,0.06879521456783469,0.2700424692833338,0.6025265799945154,6.16024623529412E7
51193,Westmoreland,2023-10-08,2023,40.0,0.06752043022633948,0.26706458913730363,0.6008666270656414,6.1057701176470585E7
51171,Shenandoah,2023-10-08,2023,40.0,,,,5.776891764705879E7
51165,Rockingham,2023-10-15,2023,41.0,,,,1.4536741764705878E8
51001,Accomack,2023-10-15,2023,41.0,0.08645784519687053,0.2534940218032574,0.4996929234787726,1.1947461176470588E8
51015,Augusta,2023-10-15,2023,41.0,,,,9.990757764705883E7
51175,Southampton,2023-10-15,2023,41.0,0.07006330807053772,0.268079970331206,0.5982596710338584,8.448777882352939E7
51057,Essex,2023-10-15,2023,41.0,0.05383874999999999,0.22960499999999998,0.41385821998119354,6.943756941176468E7
51097,King and Queen,2023-10-15,2023,41.0,0.0733040606112934,0.2637811414263512,0.5680185627482383,6.813610235294119E7
51033,Caroline,2023-10-15,2023,41.0,,,,6.67682294117647E7
51093,Isle of Wight,2023-10-15,2023,41.0,0.07234028720784093,0.26721153357513955,0.5821730138550709,6.16024623529412E7
51193,Westmoreland,2023-10-15,2023,41.0,0.08174250867017457,0.2739657382603843,0.5475973395165563,6.1057701176470585E7
51171,Shenandoah,2023-10-15,2023,41.0,,,,5.776891764705879E7
51165,Rockingham,2023-10-22,2023,42.0,0.08574143620402004,0.2728825848097244,0.5250311177737417,1.4536741764705878E8
51001,Accomack,2023-10-22,2023,42.0,,,,1.1947461176470588E8
51015,Augusta,2023-10-22,2023,42.0,0.07664910472499381,0.27079725498886786,0.5644704410232008,9.990757764705883E7
51175,Southampton,2023-10-22,2023,42.0,0.07590899573313903,0.25320403915581574,0.5528524925731916,8.448777882352939E7
51057,Essex,2023-10-22,2023,42.0,0.08161950100248233,0.24800503838075236,0.5094137822365872,6.943756941176468E7
51097,King and Queen,2023-10-22,2023,42.0,0.07355494280821917,0.25306242250489247,0.5609162616758898,6.813610235294119E7
51033,Caroline,2023-10-22,2023,42.0,0.07666379002418873,0.25985699063966944,0.5551033791818918,6.67682294117647E7
51093,Isle of Wight,2023-10-22,2023,42.0,0.07248240201523766,0.2500153356251614,0.5593310627831806,6.16024623529412E7
51193,Westmoreland,2023-10-22,2023,42.0,0.08055079442702733,0.2579136017939067,0.5303637616032149,6.1057701176470585E7
51171,Shenandoah,2023-10-22,2023,42.0,,,,5.776891764705879E7
51165,Rockingham,2023-10-29,2023,43.0,0.10029409748852276,0.26941377235193925,0.461024221448251,1.4536741764705878E8
51001,Accomack,2023-10-29,2023,43.0,0.08384403162374317,0.24837506373009643,0.4948632606521394,1.1947461176470588E8
51015,Augusta,2023-10-29,2023,43.0,0.09360510876562515,0.274249384651844,0.49454414405655045,9.990757764705883E7
51175,Southampton,2023-10-29,2023,43.0,0.08157539470846566,0.25281199530447396,0.5266693798120416,8.448777882352939E7
51057,Essex,2023-10-29,2023,43.0,0.07467634615384615,0.23374057692307693,0.5065020024776459,6.943756941176468E7
51097,King and Queen,2023-10-29,2023,43.0,0.07424874999999997,0.2562902894295302,0.5625094061398047,6.813610235294119E7
51033,Caroline,2023-10-29,2023,43.0,0.09636750000000002,0.25639,0.45620617270469666,6.67682294117647E7
51093,Isle of Wight,2023-10-29,2023,43.0,0.081112673500073,0.25233785751955196,0.5244559328063632,6.16024623529412E7
51193,Westmoreland,2023-10-29,2023,43.0,0.08630982079653618,0.2633365362874129,0.5179462609303448,6.1057701176470585E7
51171,Shenandoah,2023-10-29,2023,43.0,0.08098862136414127,0.26505446162437296,0.535872534396326,5.776891764705879E7
51165,Rockingham,2023-11-05,2023,44.0,0.16834164215686276,0.35974960784313714,0.39054685822910673,1.4536741764705878E8
51001,Accomack,2023-11-05,2023,44.0,,,,1.1947461176470588E8
51015,Augusta,2023-11-05,2023,44.0,0.11410119381708406,0.29582839752906975,0.45040262745755405,9.990757764705883E7
51175,Southampton,2023-11-05,2023,44.0,,,,8.448777882352939E7
51057,Essex,2023-11-05,2023,44.0,0.07366382352941178,0.13034779411764705,0.2806137607378118,6.943756941176468E7
51097,King and Queen,2023-11-05,2023,44.0,,,,6.813610235294119E7
51033,Caroline,2023-11-05,2023,44.0,0.05190599141290012,0.12964071139551614,0.42520785153612445,6.67682294117647E7
51093,Isle of Wight,2023-11-05,2023,44.0,,,,6.16024623529412E7
51193,Westmoreland,2023-11-05,2023,44.0,0.038294375,0.07240124999999999,0.31470514461398125,6.1057701176470585E7
51171,Shenandoah,2023-11-05,2023,44.0,,,,5.776891764705879E7
51165,Rockingham,2023-11-12,2023,45.0,0.10224575045798036,0.27528639580947983,0.4597661563689497,1.4536741764705878E8
51001,Accomack,2023-11-12,2023,45.0,,,,1.1947461176470588E8
51015,Augusta,2023-11-12,2023,45.0,0.10094755979903319,0.2777941111948571,0.46906642152279515,9.990757764705883E7
51175,Southampton,2023-11-12,2023,45.0,,,,8.448777882352939E7
51057,Essex,2023-11-12,2023,45.0,,,,6.943756941176468E7
51097,King and Queen,2023-11-12,2023,45.0,,,,6.813610235294119E7
51033,Caroline,2023-11-12,2023,45.0,0.09554249999999997,0.2541075,0.45349636673927307,6.67682294117647E7
51093,Isle of Wight,2023-11-12,2023,45.0,,,,6.16024623529412E7
51193,Westmoreland,2023-11-12,2023,45.0,,,,6.1057701176470585E7
51171,Shenandoah,2023-11-12,2023,45.0,0.08617352286181594,0.26995035784906074,0.5170516900762137,5.776891764705879E7
51165,Rockingham,2023-11-19,2023,46.0,0.09842126081964318,0.2708449038744627,0.46781451197743934,1.4536741764705878E8
51001,Accomack,2023-11-19,2023,46.0,0.09281306648514144,0.2551377095354877,0.4627716938657675,1.1947461176470588E8
51015,Augusta,2023-11-19,2023,46.0,0.09456462261711578,0.2642764019116573,0.47571247231486885,9.990757764705883E7
51175,Southampton,2023-11-19,2023,46.0,0.09388384713344437,0.26104147179549153,0.48361223404184367,8.448777882352939E7
51057,Essex,2023-11-19,2023,46.0,0.07410854166666665,0.2221066666666667,0.4999377752343814,6.943756941176468E7
51097,King and Queen,2023-11-19,2023,46.0,0.07716656862745096,0.2501577450980391,0.5234167739456775,6.813610235294119E7
51033,Caroline,2023-11-19,2023,46.0,,,,6.67682294117647E7
51093,Isle of Wight,2023-11-19,2023,46.0,0.09591273820143399,0.2541573459678416,0.462660982558775,6.16024623529412E7
51193,Westmoreland,2023-11-19,2023,46.0,0.08959213868303355,0.25526925851261784,0.4867880051281024,6.1057701176470585E7
51171,Shenandoah,2023-11-19,2023,46.0,,,,5.776891764705879E7
51165,Rockingham,2023-11-26,2023,47.0,,,,1.4536741764705878E8
51001,Accomack,2023-11-26,2023,47.0,,,,1.1947461176470588E8
51015,Augusta,2023-11-26,2023,47.0,,,,9.990757764705883E7
51175,Southampton,2023-11-26,2023,47.0,0.06524013849316468,0.21271798080492632,0.5389131906735123,8.448777882352939E7
51057,Essex,2023-11-26,2023,47.0,0.06764940936498061,0.2249733472747284,0.537284314690175,6.943756941176468E7
51097,King and Queen,2023-11-26,2023,47.0,0.06170305496575342,0.22908395303326815,0.5781132691463641,6.813610235294119E7
51033,Caroline,2023-11-26,2023,47.0,0.06681275478297603,0.23293263486086338,0.5586085223961736,6.67682294117647E7
51093,Isle of Wight,2023-11-26,2023,47.0,0.06772366480683567,0.2076749976997564,0.5151474961998835,6.16024623529412E7
51193,Westmoreland,2023-11-26,2023,47.0,0.07349698307707073,0.22370107721761143,0.5057891613862715,6.1057701176470585E7
51171,Shenandoah,2023-11-26,2023,47.0,,,,5.776891764705879E7
51165,Rockingham,2023-12-03,2023,48.0,,,,1.4536741764705878E8
51001,Accomack,2023-12-03,2023,48.0,0.11172266102667548,0.27498458126108605,0.4523274380712019,1.1947461176470588E8
51015,Augusta,2023-12-03,2023,48.0,,,,9.990757764705883E7
51175,Southampton,2023-12-03,2023,48.0,,,,8.448777882352939E7
51057,Essex,2023-12-03,2023,48.0,,,,6.943756941176468E7
51097,King and Queen,2023-12-03,2023,48.0,,,,6.813610235294119E7
51033,Caroline,2023-12-03,2023,48.0,,,,6.67682294117647E7
51093,Isle of Wight,2023-12-03,2023,48.0,,,,6.16024623529412E7
51193,Westmoreland,2023-12-03,2023,48.0,0.10647319768461672,0.2627559726363796,0.4810094354803928,6.1057701176470585E7
51171,Shenandoah,2023-12-03,2023,48.0,,,,5.776891764705879E7
51165,Rockingham,2023-12-10,2023,49.0,,,,1.4536741764705878E8
51001,Accomack,2023-12-10,2023,49.0,,,,1.1947461176470588E8
51015,Augusta,2023-12-10,2023,49.0,0.13540100000000002,0.2177965,0.2836784482002258,9.990757764705883E7
51175,Southampton,2023-12-10,2023,49.0,,,,8.448777882352939E7
51057,Essex,2023-12-10,2023,49.0,0.05977245151239583,0.17863736957542606,0.49195300733606484,6.943756941176468E7
51097,King and Queen,2023-12-10,2023,49.0,0.05066920527099885,0.17009636173382517,0.5389544624712627,6.813610235294119E7
51033,Caroline,2023-12-10,2023,49.0,0.060350108260049655,0.2015966399539799,0.5409836481029932,6.67682294117647E7
51093,Isle of Wight,2023-12-10,2023,49.0,,,,6.16024623529412E7
51193,Westmoreland,2023-12-10,2023,49.0,0.06194299836718905,0.17366492146314252,0.46774286449800206,6.1057701176470585E7
51171,Shenandoah,2023-12-10,2023,49.0,,,,5.776891764705879E7
51165,Rockingham,2023-12-17,2023,50.0,0.09144125419387344,0.2630367766749249,0.4799851125938773,1.4536741764705878E8
51001,Accomack,2023-12-17,2023,50.0,0.09232703082586549,0.2777532052020972,0.503905227314795,1.1947461176470588E8
51015,Augusta,2023-12-17,2023,50.0,0.0959596374482651,0.26129301570118496,0.4611361105287956,9.990757764705883E7
51175,Southampton,2023-12-17,2023,50.0,0.05002541666666666,0.13879083333333334,0.47593653202056885,8.448777882352939E7
51057,Essex,2023-12-17,2023,50.0,0.09969499999999998,0.30523000000000006,0.5075878500938416,6.943756941176468E7
51097,King and Queen,2023-12-17,2023,50.0,,,,6.813610235294119E7
51033,Caroline,2023-12-17,2023,50.0,,,,6.67682294117647E7
51093,Isle of Wight,2023-12-17,2023,50.0,0.07456000000000002,0.16642374999999998,0.38117942214012146,6.16024623529412E7
51193,Westmoreland,2023-12-17,2023,50.0,0.05621527659574467,0.18702786170212765,0.5264982041526347,6.1057701176470585E7
51171,Shenandoah,2023-12-17,2023,50.0,0.08714222699190592,0.25903676615448845,0.49558373287949553,5.776891764705879E7
51165,Rockingham,2023-12-24,2023,51.0,,,,1.4536741764705878E8
51001,Accomack,2023-12-24,2023,51.0,,,,1.1947461176470588E8
51015,Augusta,2023-12-24,2023,51.0,,,,9.990757764705883E7
51175,Southampton,2023-12-24,2023,51.0,0.06868949604085381,0.21471951319715404,0.5378841014994047,8.448777882352939E7
51057,Essex,2023-12-24,2023,51.0,0.07364491414351372,0.2215646259728862,0.5200671780438993,6.943756941176468E7
51097,King and Queen,2023-12-24,2023,51.0,0.06550174895911175,0.22072486188213933,0.5564205958235029,6.813610235294119E7
51033,Caroline,2023-12-24,2023,51.0,0.08445615996319664,0.23700674684542586,0.5112224149038478,6.67682294117647E7
51093,Isle of Wight,2023-12-24,2023,51.0,0.02689975,0.11026050000000001,0.5394989065825939,6.16024623529412E7
51193,Westmoreland,2023-12-24,2023,51.0,0.08390279425828631,0.21649720220080862,0.4587795488399984,6.1057701176470585E7
51171,Shenandoah,2023-12-24,2023,51.0,,,,5.776891764705879E7
51165,Rockingham,2024-01-01,2024,0.0,0.0891678350323533,0.2547140416598874,0.47434142321877726,1.4536741764705878E8
51001,Accomack,2024-01-01,2024,0.0,0.19124297413793107,0.39688844827586206,0.3507092738973683,1.1947461176470588E8
51015,Augusta,2024-01-01,2024,0.0,0.09945434408852416,0.2544399910779367,0.436499541809345,9.990757764705883E7
51175,Southampton,2024-01-01,2024,0.0,0.0637505632967913,0.22144859151423701,0.5609161603544016,8.448777882352939E7
51057,Essex,2024-01-01,2024,0.0,0.07138375,0.242585,0.5506214201450348,6.943756941176468E7
51097,King and Queen,2024-01-01,2024,0.0,0.06152168894472362,0.21873953718592956,0.5724779672089534,6.813610235294119E7
51033,Caroline,2024-01-01,2024,0.0,0.06985308035714285,0.19397825892857143,0.4708074831536838,6.67682294117647E7
51093,Isle of Wight,2024-01-01,2024,0.0,0.0679578727539982,0.21539115408735438,0.5241515206774577,6.16024623529412E7
51193,Westmoreland,2024-01-01,2024,0.0,0.05437160267111852,0.2024671675013913,0.5652265407240384,6.1057701176470585E7
51171,Shenandoah,2024-01-01,2024,0.0,0.10646568410643661,0.2730623831355627,0.43400572044875657,5.776891764705879E7
51165,Rockingham,2024-01-08,2024,1.0,,,,1.4536741764705878E8
51001,Accomack,2024-01-08,2024,1.0,,,,1.1947461176470588E8
51015,Augusta,2024-01-08,2024,1.0,,,,9.990757764705883E7
51175,Southampton,2024-01-08,2024,1.0,0.06919134223983517,0.22274681190776716,0.5335078880452642,8.448777882352939E7
51057,Essex,2024-01-08,2024,1.0,0.07102310590509829,0.22856449625262545,0.523912153349376,6.943756941176468E7
51097,King and Queen,2024-01-08,2024,1.0,0.06739016530972582,0.2317031878218647,0.5505412137901513,6.813610235294119E7
51033,Caroline,2024-01-08,2024,1.0,0.06930157656099462,0.22781321262017493,0.5334236644069601,6.67682294117647E7
51093,Isle of Wight,2024-01-08,2024,1.0,0.07197826954346992,0.21484130072243593,0.5037937289658428,6.16024623529412E7
51193,Westmoreland,2024-01-08,2024,1.0,0.07710815066624291,0.2196548515345775,0.47969142943860626,6.1057701176470585E7
51171,Shenandoah,2024-01-08,2024,1.0,,,,5.776891764705879E7
51165,Rockingham,2024-01-15,2024,2.0,0.7706414470263888,0.7635528503347769,0.0022830603417262176,1.4536741764705878E8
51001,Accomack,2024-01-15,2024,2.0,,,,1.1947461176470588E8
51015,Augusta,2024-01-15,2024,2.0,0.7214584159722683,0.7274978616409677,0.011227747587030051,9.990757764705883E7
51175,Southampton,2024-01-15,2024,2.0,,,,8.448777882352939E7
51057,Essex,2024-01-15,2024,2.0,,,,6.943756941176468E7
51097,King and Queen,2024-01-15,2024,2.0,,,,6.813610235294119E7
51033,Caroline,2024-01-15,2024,2.0,0.13743875,0.2708825,0.3381955921649933,6.67682294117647E7
51093,Isle of Wight,2024-01-15,2024,2.0,,,,6.16024623529412E7
51193,Westmoreland,2024-01-15,2024,2.0,,,,6.1057701176470585E7
51171,Shenandoah,2024-01-15,2024,2.0,0.75316825915144,0.7501326028049368,0.005464634747112096,5.776891764705879E7
51165,Rockingham,2024-01-22,2024,3.0,,,,1.4536741764705878E8
51001,Accomack,2024-01-22,2024,3.0,0.18802155170463614,0.34329682632937664,0.3160158521431563,1.1947461176470588E8
51015,Augusta,2024-01-22,2024,3.0,,,,9.990757764705883E7
51175,Southampton,2024-01-22,2024,3.0,0.11556661530589041,0.28888528087332277,0.4337265197122425,8.448777882352939E7
51057,Essex,2024-01-22,2024,3.0,0.23721333333333328,0.35109083333333335,0.2029262619713942,6.943756941176468E7
51097,King and Queen,2024-01-22,2024,3.0,0.13551110576923076,0.3001744951923077,0.38855330502757657,6.813610235294119E7
51033,Caroline,2024-01-22,2024,3.0,,,,6.67682294117647E7
51093,Isle of Wight,2024-01-22,2024,3.0,0.11526561082539417,0.300162350033724,0.45493355339262515,6.16024623529412E7
51193,Westmoreland,2024-01-22,2024,3.0,0.07568160876187063,0.16608544974019002,0.37955420177975263,6.1057701176470585E7
51171,Shenandoah,2024-01-22,2024,3.0,,,,5.776891764705879E7
51165,Rockingham,2024-01-29,2024,4.0,,,,1.4536741764705878E8
51001,Accomack,2024-01-29,2024,4.0,,,,1.1947461176470588E8
51015,Augusta,2024-01-29,2024,4.0,,,,9.990757764705883E7
51175,Southampton,2024-01-29,2024,4.0,0.07814648108547752,0.23613561352916176,0.5144320468816722,8.448777882352939E7
51057,Essex,2024-01-29,2024,4.0,,,,6.943756941176468E7
51097,King and Queen,2024-01-29,2024,4.0,,,,6.813610235294119E7
51033,Caroline,2024-01-29,2024,4.0,,,,6.67682294117647E7
51093,Isle of Wight,2024-01-29,2024,4.0,0.094099849823238,0.24160291295655634,0.46437577334082203,6.16024623529412E7
51193,Westmoreland,2024-01-29,2024,4.0,,,,6.1057701176470585E7
51171,Shenandoah,2024-01-29,2024,4.0,,,,5.776891764705879E7
51165,Rockingham,2024-02-05,2024,5.0,0.09227919787496285,0.2754851163469702,0.48996848118245967,1.4536741764705878E8
51001,Accomack,2024-02-05,2024,5.0,0.07507297067306459,0.24852097249254848,0.5259167209020136,1.1947461176470588E8
51015,Augusta,2024-02-05,2024,5.0,0.09653806134583845,0.257488465768305,0.45068200106629647,9.990757764705883E7
51175,Southampton,2024-02-05,2024,5.0,0.0916719238088811,0.2688537419692267,0.4984798129358856,8.448777882352939E7
51057,Essex,2024-02-05,2024,5.0,0.0722975,0.2590175,0.5550428818572651,6.943756941176468E7
51097,King and Queen,2024-02-05,2024,5.0,0.07916649774100487,0.2605833862473463,0.5313490577667481,6.813610235294119E7
51033,Caroline,2024-02-05,2024,5.0,,,,6.67682294117647E7
51093,Isle of Wight,2024-02-05,2024,5.0,0.08850266709024805,0.251126861612302,0.48574717321802874,6.16024623529412E7
51193,Westmoreland,2024-02-05,2024,5.0,0.10909392613840087,0.2983398399964145,0.4674711128360869,6.1057701176470585E7
51171,Shenandoah,2024-02-05,2024,5.0,0.09633421834187263,0.2653671735294856,0.4661881006003752,5.776891764705879E7
51165,Rockingham,2024-02-12,2024,6.0,0.0768083883968554,0.2600700987660464,0.5388553981010399,1.4536741764705878E8
51001,Accomack,2024-02-12,2024,6.0,,,,1.1947461176470588E8
51015,Augusta,2024-02-12,2024,6.0,0.07913399549300319,0.24640917845286672,0.5110646114153528,9.990757764705883E7
51175,Southampton,2024-02-12,2024,6.0,0.07017926587485732,0.22885459115629836,0.5354115843464766,8.448777882352939E7
51057,Essex,2024-02-12,2024,6.0,0.08220133326887469,0.24804770743970186,0.499225142930864,6.943756941176468E7
51097,King and Queen,2024-02-12,2024,6.0,0.07547609642120846,0.23947863680816198,0.5220881773588705,6.813610235294119E7
51033,Caroline,2024-02-12,2024,6.0,0.07593080401451745,0.2553918636582477,0.5407106139504745,6.67682294117647E7
51093,Isle of Wight,2024-02-12,2024,6.0,0.07172954871415839,0.2099361993195591,0.49375893597032794,6.16024623529412E7
51193,Westmoreland,2024-02-12,2024,6.0,0.10312047763122113,0.2513472239597498,0.40729360287322136,6.1057701176470585E7
51171,Shenandoah,2024-02-12,2024,6.0,,,,5.776891764705879E7
51165,Rockingham,2024-02-19,2024,7.0,,,,1.4536741764705878E8
51001,Accomack,2024-02-19,2024,7.0,0.07475015885124957,0.22149254992467846,0.4843458395081888,1.1947461176470588E8
51015,Augusta,2024-02-19,2024,7.0,0.08081624999999998,0.2578475,0.5307635366916656,9.990757764705883E7
51175,Southampton,2024-02-19,2024,7.0,0.13864603483016696,0.2861368149107657,0.42102890697596884,8.448777882352939E7
51057,Essex,2024-02-19,2024,7.0,0.07778339285714285,0.2786276785714286,0.5635984199387687,6.943756941176468E7
51097,King and Queen,2024-02-19,2024,7.0,0.07516305677345023,0.24723724981598236,0.5360095952806937,6.813610235294119E7
51033,Caroline,2024-02-19,2024,7.0,,,,6.67682294117647E7
51093,Isle of Wight,2024-02-19,2024,7.0,0.08857635860015617,0.21932494081901602,0.4530436830112928,6.16024623529412E7
51193,Westmoreland,2024-02-19,2024,7.0,0.15525143508725545,0.3005243224484401,0.37079757630691085,6.1057701176470585E7
51171,Shenandoah,2024-02-19,2024,7.0,,,,5.776891764705879E7
51165,Rockingham,2024-02-26,2024,8.0,0.07759667350113122,0.2803629150169683,0.5618119446243276,1.4536741764705878E8
51001,Accomack,2024-02-26,2024,8.0,,,,1.1947461176470588E8
51015,Augusta,2024-02-26,2024,8.0,0.08417200166586299,0.2586265428959713,0.5058023716102568,9.990757764705883E7
51175,Southampton,2024-02-26,2024,8.0,,,,8.448777882352939E7
51057,Essex,2024-02-26,2024,8.0,,,,6.943756941176468E7
51097,King and Queen,2024-02-26,2024,8.0,,,,6.813610235294119E7
51033,Caroline,2024-02-26,2024,8.0,,,,6.67682294117647E7
51093,Isle of Wight,2024-02-26,2024,8.0,,,,6.16024623529412E7
51193,Westmoreland,2024-02-26,2024,8.0,,,,6.1057701176470585E7
51171,Shenandoah,2024-02-26,2024,8.0,,,,5.776891764705879E7
51165,Rockingham,2024-03-11,2024,10.0,0.06497041133844841,0.3098043478260869,0.6485622316069966,1.4536741764705878E8
51001,Accomack,2024-03-11,2024,10.0,0.06944158046668072,0.25208848236559767,0.5573064442803781,1.1947461176470588E8
51015,Augusta,2024-03-11,2024,10.0,0.07362284351655538,0.2947924601967623,0.5951854666582761,9.990757764705883E7
51175,Southampton,2024-03-11,2024,10.0,0.0703873150971001,0.2413413937089287,0.5525541123095696,8.448777882352939E7
51057,Essex,2024-03-11,2024,10.0,0.06017750000000001,0.2559775,0.6097877794190457,6.943756941176468E7
51097,King and Queen,2024-03-11,2024,10.0,0.06954053059993971,0.25424552984624665,0.5677153920627116,6.813610235294119E7
51033,Caroline,2024-03-11,2024,10.0,,,,6.67682294117647E7
51093,Isle of Wight,2024-03-11,2024,10.0,0.07638389636000496,0.24339625277712323,0.5251259791947485,6.16024623529412E7
51193,Westmoreland,2024-03-11,2024,10.0,0.0728833595606159,0.26058926417044653,0.560343275471233,6.1057701176470585E7
51171,Shenandoah,2024-03-11,2024,10.0,,,,5.776891764705879E7
51165,Rockingham,2024-03-18,2024,11.0,,,,1.4536741764705878E8
51001,Accomack,2024-03-18,2024,11.0,,,,1.1947461176470588E8
51015,Augusta,2024-03-18,2024,11.0,,,,9.990757764705883E7
51175,Southampton,2024-03-18,2024,11.0,0.09090450125783177,0.26388168110404403,0.4931956629910866,8.448777882352939E7
51057,Essex,2024-03-18,2024,11.0,0.0763300775143668,0.2663849470770003,0.5537093561198677,6.943756941176468E7
51097,King and Queen,2024-03-18,2024,11.0,0.07916334091343807,0.2522765837459887,0.5297150160285453,6.813610235294119E7
51033,Caroline,2024-03-18,2024,11.0,0.08361787005225976,0.2631986607632505,0.5209298303195241,6.67682294117647E7
51093,Isle of Wight,2024-03-18,2024,11.0,0.09059796983897005,0.260607454484875,0.4899009321503228,6.16024623529412E7
51193,Westmoreland,2024-03-18,2024,11.0,0.09353096921563117,0.28932810549620447,0.5154557871153442,6.1057701176470585E7
51171,Shenandoah,2024-03-18,2024,11.0,,,,5.776891764705879E7
51165,Rockingham,2024-03-25,2024,12.0,0.06964147764286747,0.3448220034691212,0.6533916096907066,1.4536741764705878E8
51001,Accomack,2024-03-25,2024,12.0,,,,1.1947461176470588E8
51015,Augusta,2024-03-25,2024,12.0,0.07730626589923527,0.319058781656987,0.6037226072771719,9.990757764705883E7
51175,Southampton,2024-03-25,2024,12.0,,,,8.448777882352939E7
51057,Essex,2024-03-25,2024,12.0,,,,6.943756941176468E7
51097,King and Queen,2024-03-25,2024,12.0,,,,6.813610235294119E7
51033,Caroline,2024-03-25,2024,12.0,0.07193374999999999,0.26025374999999995,0.5656778812408447,6.67682294117647E7
51093,Isle of Wight,2024-03-25,2024,12.0,,,,6.16024623529412E7
51193,Westmoreland,2024-03-25,2024,12.0,,,,6.1057701176470585E7
51171,Shenandoah,2024-03-25,2024,12.0,0.07932402968496344,0.30775966869896354,0.5861592174299523,5.776891764705879E7
51165,Rockingham,2024-04-01,2024,13.0,,,,1.4536741764705878E8
51001,Accomack,2024-04-01,2024,13.0,,,,1.1947461176470588E8
51015,Augusta,2024-04-01,2024,13.0,0.090296875,0.3374722222222222,0.5799556117918756,9.990757764705883E7
51175,Southampton,2024-04-01,2024,13.0,,,,8.448777882352939E7
51057,Essex,2024-04-01,2024,13.0,,,,6.943756941176468E7
51097,King and Queen,2024-04-01,2024,13.0,,,,6.813610235294119E7
51033,Caroline,2024-04-01,2024,13.0,,,,6.67682294117647E7
51093,Isle of Wight,2024-04-01,2024,13.0,,,,6.16024623529412E7
51193,Westmoreland,2024-04-01,2024,13.0,,,,6.1057701176470585E7
51171,Shenandoah,2024-04-01,2024,13.0,,,,5.776891764705879E7
51165,Rockingham,2024-04-08,2024,14.0,0.07492656449290992,0.4090838701841918,0.68638705386669,1.4536741764705878E8
51001,Accomack,2024-04-08,2024,14.0,0.0680565084441251,0.28106782914121453,0.599874099152013,1.1947461176470588E8
51015,Augusta,2024-04-08,2024,14.0,0.08404099608433736,0.379776711746988,0.6387116827220323,9.990757764705883E7
51175,Southampton,2024-04-08,2024,14.0,0.1041340915830608,0.3194288455462559,0.5227483027238788,8.448777882352939E7
51057,Essex,2024-04-08,2024,14.0,0.13037125,0.400765,0.507691040635109,6.943756941176468E7
51097,King and Queen,2024-04-08,2024,14.0,0.08803874028497413,0.2964206581930051,0.5520590933551288,6.813610235294119E7
51033,Caroline,2024-04-08,2024,14.0,,,,6.67682294117647E7
51093,Isle of Wight,2024-04-08,2024,14.0,0.10709347515251652,0.3131664896309948,0.5037995568866287,6.16024623529412E7
51193,Westmoreland,2024-04-08,2024,14.0,0.08517592126789368,0.3036294539877301,0.564968093835215,6.1057701176470585E7
51171,Shenandoah,2024-04-08,2024,14.0,0.07821493710607126,0.338510852188044,0.6256201399731092,5.776891764705879E7
51165,Rockingham,2024-04-15,2024,15.0,,,,1.4536741764705878E8
51001,Accomack,2024-04-15,2024,15.0,,,,1.1947461176470588E8
51015,Augusta,2024-04-15,2024,15.0,0.0629309375,0.26973265625,0.6206810399889946,9.990757764705883E7
51175,Southampton,2024-04-15,2024,15.0,0.11048610026272526,0.3150612258429774,0.4951074294524237,8.448777882352939E7
51057,Essex,2024-04-15,2024,15.0,,,,6.943756941176468E7
51097,King and Queen,2024-04-15,2024,15.0,,,,6.813610235294119E7
51033,Caroline,2024-04-15,2024,15.0,,,,6.67682294117647E7
51093,Isle of Wight,2024-04-15,2024,15.0,0.07524750000000001,0.26932187500000004,0.5652991235256195,6.16024623529412E7
51193,Westmoreland,2024-04-15,2024,15.0,,,,6.1057701176470585E7
51171,Shenandoah,2024-04-15,2024,15.0,,,,5.776891764705879E7
51165,Rockingham,2024-04-22,2024,16.0,0.07763923677363399,0.371084044882914,0.6610996127645553,1.4536741764705878E8
51001,Accomack,2024-04-22,2024,16.0,0.07904884472559601,0.3089695868786303,0.5871958348470128,1.1947461176470588E8
51015,Augusta,2024-04-22,2024,16.0,0.09431128976784178,0.4259170012897679,0.6409689000425725,9.990757764705883E7
51175,Southampton,2024-04-22,2024,16.0,0.10351804205911783,0.32824686403055947,0.533779420811706,8.448777882352939E7
51057,Essex,2024-04-22,2024,16.0,0.06994275,0.3445330000000001,0.6565663471817971,6.943756941176468E7
51097,King and Queen,2024-04-22,2024,16.0,0.07579102954476936,0.3296280208019295,0.6283735176386791,6.813610235294119E7
51033,Caroline,2024-04-22,2024,16.0,,,,6.67682294117647E7
51093,Isle of Wight,2024-04-22,2024,16.0,0.10292906106585427,0.3264410027799283,0.53101356800764,6.16024623529412E7
51193,Westmoreland,2024-04-22,2024,16.0,0.07621676309299291,0.34542414681560984,0.6395083561796902,6.1057701176470585E7
51171,Shenandoah,2024-04-22,2024,16.0,0.098914,0.3792435,0.6003215670585632,5.776891764705879E7
51165,Rockingham,2024-04-29,2024,17.0,,,,1.4536741764705878E8
51001,Accomack,2024-04-29,2024,17.0,,,,1.1947461176470588E8
51015,Augusta,2024-04-29,2024,17.0,0.11031000000000002,0.29181,0.45135781168937683,9.990757764705883E7
51175,Southampton,2024-04-29,2024,17.0,0.09002674452823248,0.3311246818098216,0.5803340652617369,8.448777882352939E7
51057,Essex,2024-04-29,2024,17.0,,,,6.943756941176468E7
51097,King and Queen,2024-04-29,2024,17.0,,,,6.813610235294119E7
51033,Caroline,2024-04-29,2024,17.0,,,,6.67682294117647E7
51093,Isle of Wight,2024-04-29,2024,17.0,0.07784567018072287,0.2780494804216867,0.5751702987166293,6.16024623529412E7
51193,Westmoreland,2024-04-29,2024,17.0,,,,6.1057701176470585E7
51171,Shenandoah,2024-04-29,2024,17.0,,,,5.776891764705879E7
51165,Rockingham,2024-05-06,2024,18.0,0.09062277469651928,0.3504698435293575,0.5914679521435214,1.4536741764705878E8
51001,Accomack,2024-05-06,2024,18.0,,,,1.1947461176470588E8
51015,Augusta,2024-05-06,2024,18.0,0.08882467908885765,0.37027591269581694,0.6159553508280255,9.990757764705883E7
51175,Southampton,2024-05-06,2024,18.0,,,,8.448777882352939E7
51057,Essex,2024-05-06,2024,18.0,,,,6.943756941176468E7
51097,King and Queen,2024-05-06,2024,18.0,,,,6.813610235294119E7
51033,Caroline,2024-05-06,2024,18.0,,,,6.67682294117647E7
51093,Isle of Wight,2024-05-06,2024,18.0,,,,6.16024623529412E7
51193,Westmoreland,2024-05-06,2024,18.0,,,,6.1057701176470585E7
51171,Shenandoah,2024-05-06,2024,18.0,0.0947813888604484,0.33350259176307984,0.5673261634434114,5.776891764705879E7
51165,Rockingham,2024-05-13,2024,19.0,0.04189000000000001,0.416935,0.8174031376838684,1.4536741764705878E8
51001,Accomack,2024-05-13,2024,19.0,,,,1.1947461176470588E8
51015,Augusta,2024-05-13,2024,19.0,0.07324586577216802,0.36097788595142133,0.6593057337072021,9.990757764705883E7
51175,Southampton,2024-05-13,2024,19.0,,,,8.448777882352939E7
51057,Essex,2024-05-13,2024,19.0,,,,6.943756941176468E7
51097,King and Queen,2024-05-13,2024,19.0,,,,6.813610235294119E7
51033,Caroline,2024-05-13,2024,19.0,,,,6.67682294117647E7
51093,Isle of Wight,2024-05-13,2024,19.0,,,,6.16024623529412E7
51193,Westmoreland,2024-05-13,2024,19.0,,,,6.1057701176470585E7
51171,Shenandoah,2024-05-13,2024,19.0,,,,5.776891764705879E7
51165,Rockingham,2024-05-20,2024,20.0,,,,1.4536741764705878E8
51001,Accomack,2024-05-20,2024,20.0,,,,1.1947461176470588E8
51015,Augusta,2024-05-20,2024,20.0,,,,9.990757764705883E7
51175,Southampton,2024-05-20,2024,20.0,0.0758786744927311,0.29620645253100003,0.5966442053514776,8.448777882352939E7
51057,Essex,2024-05-20,2024,20.0,0.062386821838086304,0.31376239223051433,0.6623394500437134,6.943756941176468E7
51097,King and Queen,2024-05-20,2024,20.0,0.06733692173577108,0.31211424181684994,0.6435474465144569,6.813610235294119E7
51033,Caroline,2024-05-20,2024,20.0,0.06507442854010712,0.3152334213727149,0.6547075729148606,6.67682294117647E7
51093,Isle of Wight,2024-05-20,2024,20.0,0.07792963658099575,0.30355365056481104,0.5956812832525551,6.16024623529412E7
51193,Westmoreland,2024-05-20,2024,20.0,0.06458899159333278,0.3139898093823007,0.6470806571842758,6.1057701176470585E7
51171,Shenandoah,2024-05-20,2024,20.0,,,,5.776891764705879E7
51165,Rockingham,2024-05-27,2024,21.0,0.10350811970950367,0.359088796893036,0.5576270366703052,1.4536741764705878E8
51001,Accomack,2024-05-27,2024,21.0,0.07394201390387974,0.2884412897557415,0.5861048265986115,1.1947461176470588E8
51015,Augusta,2024-05-27,2024,21.0,0.10278982494334303,0.3756843372695801,0.5781120512288903,9.990757764705883E7
51175,Southampton,2024-05-27,2024,21.0,0.07192212247049319,0.3357299936454453,0.6469436400521693,8.448777882352939E7
51057,Essex,2024-05-27,2024,21.0,0.0675915,0.29258274999999995,0.5991242110729218,6.943756941176468E7
51097,King and Queen,2024-05-27,2024,21.0,0.0758673273126678,0.33986615938491593,0.6282730393638174,6.813610235294119E7
51033,Caroline,2024-05-27,2024,21.0,,,,6.67682294117647E7
51093,Isle of Wight,2024-05-27,2024,21.0,0.07948671280105488,0.3384217315462446,0.6203693008982363,6.16024623529412E7
51193,Westmoreland,2024-05-27,2024,21.0,0.07502334785927292,0.34133938715918766,0.6346013627478732,6.1057701176470585E7
51171,Shenandoah,2024-05-27,2024,21.0,0.11558511339724106,0.36581916121112934,0.5311445125790436,5.776891764705879E7
51165,Rockingham,2024-06-03,2024,22.0,0.08566300737697041,0.33867121059208,0.6013634952063781,1.4536741764705878E8
51001,Accomack,2024-06-03,2024,22.0,,,,1.1947461176470588E8
51015,Augusta,2024-06-03,2024,22.0,0.08276477386216644,0.3538630129275336,0.6255575201268466,9.990757764705883E7
51175,Southampton,2024-06-03,2024,22.0,0.08733838133391975,0.346846893889728,0.6040844855967428,8.448777882352939E7
51057,Essex,2024-06-03,2024,22.0,,,,6.943756941176468E7
51097,King and Queen,2024-06-03,2024,22.0,,,,6.813610235294119E7
51033,Caroline,2024-06-03,2024,22.0,,,,6.67682294117647E7
51093,Isle of Wight,2024-06-03,2024,22.0,0.09273621026825968,0.3676707839269612,0.6054137369265262,6.16024623529412E7
51193,Westmoreland,2024-06-03,2024,22.0,,,,6.1057701176470585E7
51171,Shenandoah,2024-06-03,2024,22.0,,,,5.776891764705879E7
51165,Rockingham,2024-06-10,2024,23.0,0.10141987266310562,0.3691173976671939,0.5734950577080641,1.4536741764705878E8
51001,Accomack,2024-06-10,2024,23.0,0.08555712190822931,0.3088279205514457,0.5638394896193137,1.1947461176470588E8
51015,Augusta,2024-06-10,2024,23.0,0.09718785795888898,0.3749294732969508,0.5937650555830678,9.990757764705883E7
51175,Southampton,2024-06-10,2024,23.0,0.08251731876613595,0.3749373422708691,0.6455525671098247,8.448777882352939E7
51057,Essex,2024-06-10,2024,23.0,0.06264149999999999,0.32692750000000004,0.4970585584640503,6.943756941176468E7
51097,King and Queen,2024-06-10,2024,23.0,0.08253865935226475,0.3751983384182119,0.6387353029099464,6.813610235294119E7
51033,Caroline,2024-06-10,2024,23.0,0.059499166666666665,0.35412958333333333,0.7138886650403341,6.67682294117647E7
51093,Isle of Wight,2024-06-10,2024,23.0,0.09207725699765043,0.3799344481050159,0.6140860277357287,6.16024623529412E7
51193,Westmoreland,2024-06-10,2024,23.0,0.091355530727998,0.37769316961688687,0.6118166619832999,6.1057701176470585E7
51171,Shenandoah,2024-06-10,2024,23.0,0.10295465014377643,0.3570231172121046,0.5595652644984352,5.776891764705879E7
51165,Rockingham,2024-06-17,2024,24.0,0.08697487012225509,0.34963776092820076,0.6055232668774694,1.4536741764705878E8
51001,Accomack,2024-06-17,2024,24.0,,,,1.1947461176470588E8
51015,Augusta,2024-06-17,2024,24.0,0.08306022593048946,0.36247542874745076,0.6327253440507693,9.990757764705883E7
51175,Southampton,2024-06-17,2024,24.0,0.08849022575217336,0.35598484325547863,0.6143700672837196,8.448777882352939E7
51057,Essex,2024-06-17,2024,24.0,0.08409497255107881,0.34770587183740703,0.6153975174779913,6.943756941176468E7
51097,King and Queen,2024-06-17,2024,24.0,0.07306615587084149,0.33679677103718214,0.6464259767905607,6.813610235294119E7
51033,Caroline,2024-06-17,2024,24.0,0.07664501628384886,0.3446673576220201,0.6416307747256523,6.67682294117647E7
51093,Isle of Wight,2024-06-17,2024,24.0,0.08528759318160117,0.3445821033590727,0.6129588659086415,6.16024623529412E7
51193,Westmoreland,2024-06-17,2024,24.0,0.08825483591295068,0.3466482876778049,0.591952630008067,6.1057701176470585E7
51171,Shenandoah,2024-06-17,2024,24.0,,,,5.776891764705879E7
51165,Rockingham,2024-06-24,2024,25.0,0.0969789692837887,0.39217138904257975,0.6084152611911291,1.4536741764705878E8
51001,Accomack,2024-06-24,2024,25.0,,,,1.1947461176470588E8
51015,Augusta,2024-06-24,2024,25.0,0.10401886127728313,0.3836080642699253,0.5821184165186567,9.990757764705883E7
51175,Southampton,2024-06-24,2024,25.0,,,,8.448777882352939E7
51057,Essex,2024-06-24,2024,25.0,,,,6.943756941176468E7
51097,King and Queen,2024-06-24,2024,25.0,,,,6.813610235294119E7
51033,Caroline,2024-06-24,2024,25.0,,,,6.67682294117647E7
51093,Isle of Wight,2024-06-24,2024,25.0,,,,6.16024623529412E7
51193,Westmoreland,2024-06-24,2024,25.0,,,,6.1057701176470585E7
51171,Shenandoah,2024-06-24,2024,25.0,0.10305367354664559,0.4113293977549542,0.602895634078518,5.776891764705879E7
51165,Rockingham,2024-07-01,2024,26.0,0.06322992576322764,0.3848387449690782,0.7205269319586118,1.4536741764705878E8
51001,Accomack,2024-07-01,2024,26.0,0.0834708993911279,0.33267670290301493,0.5992029750625156,1.1947461176470588E8
51015,Augusta,2024-07-01,2024,26.0,0.06432168667072169,0.381677771805245,0.7196792033307706,9.990757764705883E7
51175,Southampton,2024-07-01,2024,26.0,0.06625439875702917,0.39257099376209914,0.7109874805817133,8.448777882352939E7
51057,Essex,2024-07-01,2024,26.0,,,,6.943756941176468E7
51097,King and Queen,2024-07-01,2024,26.0,0.07960166666666664,0.40046249999999994,0.6720724701881409,6.813610235294119E7
51033,Caroline,2024-07-01,2024,26.0,,,,6.67682294117647E7
51093,Isle of Wight,2024-07-01,2024,26.0,0.07025906602112676,0.3739933441901409,0.6831104226928718,6.16024623529412E7
51193,Westmoreland,2024-07-01,2024,26.0,0.08289625563358141,0.4160520139398385,0.6680346718031636,6.1057701176470585E7
51171,Shenandoah,2024-07-01,2024,26.0,,,,5.776891764705879E7
51165,Rockingham,2024-07-08,2024,27.0,,,,1.4536741764705878E8
51001,Accomack,2024-07-08,2024,27.0,,,,1.1947461176470588E8
51015,Augusta,2024-07-08,2024,27.0,,,,9.990757764705883E7
51175,Southampton,2024-07-08,2024,27.0,,,,8.448777882352939E7
51057,Essex,2024-07-08,2024,27.0,0.07302378523166025,0.36497845897683406,0.6718326700201673,6.943756941176468E7
51097,King and Queen,2024-07-08,2024,27.0,0.07365252938662108,0.3652772285744817,0.6744347351428118,6.813610235294119E7
51033,Caroline,2024-07-08,2024,27.0,0.06848237958963282,0.3711381171706261,0.6962528217087727,6.67682294117647E7
51093,Isle of Wight,2024-07-08,2024,27.0,,,,6.16024623529412E7
51193,Westmoreland,2024-07-08,2024,27.0,0.08124570170413861,0.36162273408038564,0.6264829143474219,6.1057701176470585E7
51171,Shenandoah,2024-07-08,2024,27.0,,,,5.776891764705879E7
51165,Rockingham,2024-07-15,2024,28.0,0.0900512142426385,0.3528401379294215,0.5947975795184925,1.4536741764705878E8
51001,Accomack,2024-07-15,2024,28.0,0.061347888101426926,0.3493707822526603,0.696510705406963,1.1947461176470588E8
51015,Augusta,2024-07-15,2024,28.0,0.08961192567267232,0.35115150066859774,0.5949542424468509,9.990757764705883E7
51175,Southampton,2024-07-15,2024,28.0,0.052694949259696006,0.4122633798480084,0.7730436584469033,8.448777882352939E7
51057,Essex,2024-07-15,2024,28.0,,,,6.943756941176468E7
51097,King and Queen,2024-07-15,2024,28.0,,,,6.813610235294119E7
51033,Caroline,2024-07-15,2024,28.0,0.02974874999999999,0.3550875,0.8454869985580444,6.67682294117647E7
51093,Isle of Wight,2024-07-15,2024,28.0,0.055795337571768855,0.40283794753128915,0.7548321781765875,6.16024623529412E7
51193,Westmoreland,2024-07-15,2024,28.0,0.0548975,0.34899625,0.721294954419136,6.1057701176470585E7
51171,Shenandoah,2024-07-15,2024,28.0,0.10128664701488889,0.3403829716732786,0.5461714004260113,5.776891764705879E7
51165,Rockingham,2024-07-22,2024,29.0,,,,1.4536741764705878E8
51001,Accomack,2024-07-22,2024,29.0,,,,1.1947461176470588E8
51015,Augusta,2024-07-22,2024,29.0,,,,9.990757764705883E7
51175,Southampton,2024-07-22,2024,29.0,,,,8.448777882352939E7
51057,Essex,2024-07-22,2024,29.0,,,,6.943756941176468E7
51097,King and Queen,2024-07-22,2024,29.0,,,,6.813610235294119E7
51033,Caroline,2024-07-22,2024,29.0,,,,6.67682294117647E7
51093,Isle of Wight,2024-07-22,2024,29.0,,,,6.16024623529412E7
51193,Westmoreland,2024-07-22,2024,29.0,,,,6.1057701176470585E7
51171,Shenandoah,2024-07-22,2024,29.0,,,,5.776891764705879E7
51165,Rockingham,2024-07-29,2024,30.0,0.08283088441213103,0.33705334012841204,0.6109443400082128,1.4536741764705878E8
51001,Accomack,2024-07-29,2024,30.0,0.04563500239519401,0.3811611389309668,0.7758507810190794,1.1947461176470588E8
51015,Augusta,2024-07-29,2024,30.0,0.06658009139043798,0.3736156352528355,0.699833634024956,9.990757764705883E7
51175,Southampton,2024-07-29,2024,30.0,0.04161048213060562,0.4199902006018837,0.8199632321000806,8.448777882352939E7
51057,Essex,2024-07-29,2024,30.0,0.041123055555555545,0.32667694444444445,0.6693020711342493,6.943756941176468E7
51097,King and Queen,2024-07-29,2024,30.0,0.04187134886759582,0.3859382121080138,0.7976816662201067,6.813610235294119E7
51033,Caroline,2024-07-29,2024,30.0,0.025554999999999994,0.35061875,0.8638595342636108,6.67682294117647E7
51093,Isle of Wight,2024-07-29,2024,30.0,0.042317072758597855,0.4127066428113886,0.8071230146666529,6.16024623529412E7
51193,Westmoreland,2024-07-29,2024,30.0,0.0378478921890701,0.4145782784841926,0.8205333945658952,6.1057701176470585E7
51171,Shenandoah,2024-07-29,2024,30.0,0.08335994942580406,0.3384199488127838,0.6127646215120877,5.776891764705879E7
51165,Rockingham,2024-08-05,2024,31.0,0.06393691204115115,0.33319637821279635,0.6764496506891253,1.4536741764705878E8
51001,Accomack,2024-08-05,2024,31.0,,,,1.1947461176470588E8
51015,Augusta,2024-08-05,2024,31.0,0.05114919724826054,0.35237267380572757,0.7496220990857034,9.990757764705883E7
51175,Southampton,2024-08-05,2024,31.0,,,,8.448777882352939E7
51057,Essex,2024-08-05,2024,31.0,,,,6.943756941176468E7
51097,King and Queen,2024-08-05,2024,31.0,,,,6.813610235294119E7
51033,Caroline,2024-08-05,2024,31.0,,,,6.67682294117647E7
51093,Isle of Wight,2024-08-05,2024,31.0,,,,6.16024623529412E7
51193,Westmoreland,2024-08-05,2024,31.0,,,,6.1057701176470585E7
51171,Shenandoah,2024-08-05,2024,31.0,,,,5.776891764705879E7
51165,Rockingham,2024-08-12,2024,32.0,0.0753025,0.45304249999999996,0.7149494886398315,1.4536741764705878E8
51001,Accomack,2024-08-12,2024,32.0,0.037693342372040244,0.3942741938714026,0.8096680936468379,1.1947461176470588E8
51015,Augusta,2024-08-12,2024,32.0,,,,9.990757764705883E7
51175,Southampton,2024-08-12,2024,32.0,0.061071249999999994,0.45226142361111127,0.7634139094087813,8.448777882352939E7
51057,Essex,2024-08-12,2024,32.0,,,,6.943756941176468E7
51097,King and Queen,2024-08-12,2024,32.0,,,,6.813610235294119E7
51033,Caroline,2024-08-12,2024,32.0,0.030807499999999988,0.33680000000000004,0.8323891758918762,6.67682294117647E7
51093,Isle of Wight,2024-08-12,2024,32.0,0.0669074725707042,0.39669291859728095,0.7115408755132471,6.16024623529412E7
51193,Westmoreland,2024-08-12,2024,32.0,,,,6.1057701176470585E7
51171,Shenandoah,2024-08-12,2024,32.0,,,,5.776891764705879E7
51165,Rockingham,2024-08-19,2024,33.0,0.044158718288026005,0.36520495784339685,0.7801896880590568,1.4536741764705878E8
51001,Accomack,2024-08-19,2024,33.0,,,,1.1947461176470588E8
51015,Augusta,2024-08-19,2024,33.0,0.04222465014250814,0.36608787017508143,0.7931756683800626,9.990757764705883E7
51175,Southampton,2024-08-19,2024,33.0,0.03403255906087295,0.38381920988825874,0.8345588835019543,8.448777882352939E7
51057,Essex,2024-08-19,2024,33.0,0.03256435905575713,0.3875029307093756,0.8366807631105438,6.943756941176468E7
51097,King and Queen,2024-08-19,2024,33.0,0.031682253473581216,0.37494546822407065,0.8393307902954097,6.813610235294119E7
51033,Caroline,2024-08-19,2024,33.0,0.03518057964608575,0.3702965830694095,0.823291533204492,6.67682294117647E7
51093,Isle of Wight,2024-08-19,2024,33.0,0.03817231647930593,0.36591051466533847,0.8064981382079028,6.16024623529412E7
51193,Westmoreland,2024-08-19,2024,33.0,0.037863756161697334,0.37911908847357845,0.8054322682435631,6.1057701176470585E7
51171,Shenandoah,2024-08-19,2024,33.0,,,,5.776891764705879E7
51165,Rockingham,2024-08-26,2024,34.0,,,,1.4536741764705878E8
51001,Accomack,2024-08-26,2024,34.0,,,,1.1947461176470588E8
51015,Augusta,2024-08-26,2024,34.0,,,,9.990757764705883E7
51175,Southampton,2024-08-26,2024,34.0,,,,8.448777882352939E7
51057,Essex,2024-08-26,2024,34.0,,,,6.943756941176468E7
51097,King and Queen,2024-08-26,2024,34.0,,,,6.813610235294119E7
51033,Caroline,2024-08-26,2024,34.0,,,,6.67682294117647E7
51093,Isle of Wight,2024-08-26,2024,34.0,,,,6.16024623529412E7
51193,Westmoreland,2024-08-26,2024,34.0,,,,6.1057701176470585E7
51171,Shenandoah,2024-08-26,2024,34.0,,,,5.776891764705879E7
51165,Rockingham,2024-09-02,2024,35.0,0.05457727668730976,0.34450175645533754,0.7264763397373157,1.4536741764705878E8
51001,Accomack,2024-09-02,2024,35.0,0.046757474002805575,0.365717441048884,0.7613376347366215,1.1947461176470588E8
51015,Augusta,2024-09-02,2024,35.0,0.04920801305572148,0.34222024178684207,0.7497724384417845,9.990757764705883E7
51175,Southampton,2024-09-02,2024,35.0,0.03981232216642538,0.37763000045240686,0.8125620222588786,8.448777882352939E7
51057,Essex,2024-09-02,2024,35.0,0.039041458333333334,0.34247875,0.7671540627876917,6.943756941176468E7
51097,King and Queen,2024-09-02,2024,35.0,0.03545206951962109,0.36100868910690115,0.8021194319063053,6.813610235294119E7
51033,Caroline,2024-09-02,2024,35.0,,,,6.67682294117647E7
51093,Isle of Wight,2024-09-02,2024,35.0,0.048073187376342,0.36937149802552643,0.7744160125158999,6.16024623529412E7
51193,Westmoreland,2024-09-02,2024,35.0,0.039734528346176266,0.39486545846014365,0.8096622477312039,6.1057701176470585E7
51171,Shenandoah,2024-09-02,2024,35.0,,,,5.776891764705879E7
51165,Rockingham,2024-09-09,2024,36.0,,,,1.4536741764705878E8
51001,Accomack,2024-09-09,2024,36.0,,,,1.1947461176470588E8
51015,Augusta,2024-09-09,2024,36.0,,,,9.990757764705883E7
51175,Southampton,2024-09-09,2024,36.0,0.033991588019378335,0.3578082411321682,0.824665967423547,8.448777882352939E7
51057,Essex,2024-09-09,2024,36.0,0.0334462812201642,0.36545000423668117,0.8213820355868399,6.943756941176468E7
51097,King and Queen,2024-09-09,2024,36.0,0.031876924143835604,0.3538762482387476,0.8297725008066502,6.813610235294119E7
51033,Caroline,2024-09-09,2024,36.0,0.03486617343644304,0.35283547799694553,0.8165874275719908,6.67682294117647E7
51093,Isle of Wight,2024-09-09,2024,36.0,0.0395636200642946,0.34429986291109826,0.7912949159749927,6.16024623529412E7
51193,Westmoreland,2024-09-09,2024,36.0,0.03705908860850583,0.35794304771642405,0.7931126051746133,6.1057701176470585E7
51171,Shenandoah,2024-09-09,2024,36.0,,,,5.776891764705879E7
51165,Rockingham,2024-09-16,2024,37.0,,,,1.4536741764705878E8
51001,Accomack,2024-09-16,2024,37.0,0.05236632729246748,0.34496906076650763,0.7399968190531874,1.1947461176470588E8
51015,Augusta,2024-09-16,2024,37.0,,,,9.990757764705883E7
51175,Southampton,2024-09-16,2024,37.0,,,,8.448777882352939E7
51057,Essex,2024-09-16,2024,37.0,,,,6.943756941176468E7
51097,King and Queen,2024-09-16,2024,37.0,0.05131424999999999,0.39967874999999997,0.7683539807796478,6.813610235294119E7
51033,Caroline,2024-09-16,2024,37.0,,,,6.67682294117647E7
51093,Isle of Wight,2024-09-16,2024,37.0,,,,6.16024623529412E7
51193,Westmoreland,2024-09-16,2024,37.0,0.04762735787395007,0.36020471505256707,0.7614431896951483,6.1057701176470585E7
51171,Shenandoah,2024-09-16,2024,37.0,,,,5.776891764705879E7
51165,Rockingham,2024-09-23,2024,38.0,,,,1.4536741764705878E8
51001,Accomack,2024-09-23,2024,38.0,,,,1.1947461176470588E8
51015,Augusta,2024-09-23,2024,38.0,,,,9.990757764705883E7
51175,Southampton,2024-09-23,2024,38.0,,,,8.448777882352939E7
51057,Essex,2024-09-23,2024,38.0,,,,6.943756941176468E7
51097,King and Queen,2024-09-23,2024,38.0,,,,6.813610235294119E7
51033,Caroline,2024-09-23,2024,38.0,,,,6.67682294117647E7
51093,Isle of Wight,2024-09-23,2024,38.0,,,,6.16024623529412E7
51193,Westmoreland,2024-09-23,2024,38.0,,,,6.1057701176470585E7
51171,Shenandoah,2024-09-23,2024,38.0,,,,5.776891764705879E7
51165,Rockingham,2024-09-30,2024,39.0,0.0675444950736722,0.31158494147201893,0.6497379071814189,1.4536741764705878E8
51001,Accomack,2024-09-30,2024,39.0,0.07022606580170236,0.32027250851933287,0.6592225423222708,1.1947461176470588E8
51015,Augusta,2024-09-30,2024,39.0,0.07831943633177568,0.3374827801304518,0.633492320044854,9.990757764705883E7
51175,Southampton,2024-09-30,2024,39.0,0.05666712499999999,0.306793925,0.7078758424520493,8.448777882352939E7
51057,Essex,2024-09-30,2024,39.0,0.030101666666666665,0.17521,0.3447503944238027,6.943756941176468E7
51097,King and Queen,2024-09-30,2024,39.0,0.04330166666666666,0.23162166666666664,0.6887687345345815,6.813610235294119E7
51033,Caroline,2024-09-30,2024,39.0,0.06057625,0.19870875,0.5325270295143127,6.67682294117647E7
51093,Isle of Wight,2024-09-30,2024,39.0,0.06783541958020206,0.3097698420780871,0.6704660488585235,6.16024623529412E7
51193,Westmoreland,2024-09-30,2024,39.0,,,,6.1057701176470585E7
51171,Shenandoah,2024-09-30,2024,39.0,0.05349279369627507,0.30705756081515706,0.7065033557143005,5.776891764705879E7
51165,Rockingham,2024-10-07,2024,40.0,0.06375885177075073,0.2735302590606573,0.6204963834426572,1.4536741764705878E8
51001,Accomack,2024-10-07,2024,40.0,,,,1.1947461176470588E8
51015,Augusta,2024-10-07,2024,40.0,0.05517831515506381,0.2790056983928283,0.669510836438358,9.990757764705883E7
51175,Southampton,2024-10-07,2024,40.0,0.05276786785724226,0.2649804202359185,0.6725652246381444,8.448777882352939E7
51057,Essex,2024-10-07,2024,40.0,0.05879866157867093,0.2595569608077141,0.6242920497152793,6.943756941176468E7
51097,King and Queen,2024-10-07,2024,40.0,0.053475085640900186,0.2557687096135031,0.6559473273016643,6.813610235294119E7
51033,Caroline,2024-10-07,2024,40.0,0.054686710636902225,0.26294520701371377,0.6584819425330802,6.67682294117647E7
51093,Isle of Wight,2024-10-07,2024,40.0,0.0573027523956194,0.26363895352947114,0.6470454754530557,6.16024623529412E7
51193,Westmoreland,2024-10-07,2024,40.0,0.05943736219386413,0.2655435821949436,0.6211604670766644,6.1057701176470585E7
51171,Shenandoah,2024-10-07,2024,40.0,,,,5.776891764705879E7
51165,Rockingham,2024-10-14,2024,41.0,0.08139252964826721,0.2938693093380367,0.567739057129202,1.4536741764705878E8
51001,Accomack,2024-10-14,2024,41.0,,,,1.1947461176470588E8
51015,Augusta,2024-10-14,2024,41.0,0.07491063613742314,0.2891317296740922,0.589268461290284,9.990757764705883E7
51175,Southampton,2024-10-14,2024,41.0,,,,8.448777882352939E7
51057,Essex,2024-10-14,2024,41.0,,,,6.943756941176468E7
51097,King and Queen,2024-10-14,2024,41.0,,,,6.813610235294119E7
51033,Caroline,2024-10-14,2024,41.0,,,,6.67682294117647E7
51093,Isle of Wight,2024-10-14,2024,41.0,,,,6.16024623529412E7
51193,Westmoreland,2024-10-14,2024,41.0,,,,6.1057701176470585E7
51171,Shenandoah,2024-10-14,2024,41.0,0.06586209509685455,0.2803811766267529,0.618002470197449,5.776891764705879E7
51165,Rockingham,2024-10-21,2024,42.0,0.05769499999999999,0.13945,0.4215561964295127,1.4536741764705878E8
51001,Accomack,2024-10-21,2024,42.0,0.07299313350748461,0.2607073726118215,0.5580916424277967,1.1947461176470588E8
51015,Augusta,2024-10-21,2024,42.0,,,,9.990757764705883E7
51175,Southampton,2024-10-21,2024,42.0,0.06367084476270862,0.26065199009600676,0.6194151801110169,8.448777882352939E7
51057,Essex,2024-10-21,2024,42.0,0.05857390624999999,0.26085703125000004,0.6234309356659651,6.943756941176468E7
51097,King and Queen,2024-10-21,2024,42.0,0.060052308977359234,0.24525562008345805,0.6032415253305622,6.813610235294119E7
51033,Caroline,2024-10-21,2024,42.0,,,,6.67682294117647E7
51093,Isle of Wight,2024-10-21,2024,42.0,0.07010639488728806,0.2656764859572938,0.5911818969467217,6.16024623529412E7
51193,Westmoreland,2024-10-21,2024,42.0,0.0772249259373179,0.26031332917826855,0.5474158207151562,6.1057701176470585E7
51171,Shenandoah,2024-10-21,2024,42.0,,,,5.776891764705879E7
51165,Rockingham,2024-10-28,2024,43.0,,,,1.4536741764705878E8
51001,Accomack,2024-10-28,2024,43.0,,,,1.1947461176470588E8
51015,Augusta,2024-10-28,2024,43.0,,,,9.990757764705883E7
51175,Southampton,2024-10-28,2024,43.0,0.07332994650762421,0.24647906229988206,0.5530516396848443,8.448777882352939E7
51057,Essex,2024-10-28,2024,43.0,0.07712911818550702,0.24008664206606845,0.515644782036365,6.943756941176468E7
51097,King and Queen,2024-10-28,2024,43.0,0.07237203515166345,0.24223212279843445,0.5534542442985069,6.813610235294119E7
51033,Caroline,2024-10-28,2024,43.0,0.07592742161716166,0.2467597027140602,0.5435176187039884,6.67682294117647E7
51093,Isle of Wight,2024-10-28,2024,43.0,0.07307486716093847,0.24685847920243278,0.5529227947199884,6.16024623529412E7
51193,Westmoreland,2024-10-28,2024,43.0,0.08241873814135625,0.2519343617920795,0.5130529733539002,6.1057701176470585E7
51171,Shenandoah,2024-10-28,2024,43.0,,,,5.776891764705879E7
51165,Rockingham,2024-11-04,2024,44.0,,,,1.4536741764705878E8
51001,Accomack,2024-11-04,2024,44.0,0.08333046849891289,0.22326897927835473,0.4655968476427777,1.1947461176470588E8
51015,Augusta,2024-11-04,2024,44.0,0.1443,0.38037375,0.450849786400795,9.990757764705883E7
51175,Southampton,2024-11-04,2024,44.0,,,,8.448777882352939E7
51057,Essex,2024-11-04,2024,44.0,0.06271361111111112,0.19814194444444447,0.3844739231798384,6.943756941176468E7
51097,King and Queen,2024-11-04,2024,44.0,0.07954688166311304,0.24229926070198446,0.5173423415887292,6.813610235294119E7
51033,Caroline,2024-11-04,2024,44.0,,,,6.67682294117647E7
51093,Isle of Wight,2024-11-04,2024,44.0,0.050817091945830346,0.15390437990021383,0.4996738390292088,6.16024623529412E7
51193,Westmoreland,2024-11-04,2024,44.0,0.09835419285145738,0.2592889073456391,0.46075552419051025,6.1057701176470585E7
51171,Shenandoah,2024-11-04,2024,44.0,,,,5.776891764705879E7
51165,Rockingham,2024-11-11,2024,45.0,0.11485208333333333,0.29869493055555546,0.4814295232709911,1.4536741764705878E8
51001,Accomack,2024-11-11,2024,45.0,,,,1.1947461176470588E8
51015,Augusta,2024-11-11,2024,45.0,0.09830221666666666,0.28708238333333347,0.5053337291903692,9.990757764705883E7
51175,Southampton,2024-11-11,2024,45.0,0.07807301864293771,0.2294045797004822,0.5040365735156961,8.448777882352939E7
51057,Essex,2024-11-11,2024,45.0,0.08835801144500667,0.23278260990309335,0.4566739268993956,6.943756941176468E7
51097,King and Queen,2024-11-11,2024,45.0,0.08003462331213312,0.22905756621819967,0.492285332817679,6.813610235294119E7
51033,Caroline,2024-11-11,2024,45.0,0.08444527123946866,0.23466805973648605,0.48629039682968267,6.67682294117647E7
51093,Isle of Wight,2024-11-11,2024,45.0,0.09396315098929489,0.23632946279121944,0.45871529540486244,6.16024623529412E7
51193,Westmoreland,2024-11-11,2024,45.0,0.09193170956367389,0.23111888558732527,0.4329824130063996,6.1057701176470585E7
51171,Shenandoah,2024-11-11,2024,45.0,,,,5.776891764705879E7
51165,Rockingham,2024-11-18,2024,46.0,0.06529249999999998,0.31568,0.6572324633598328,1.4536741764705878E8
51001,Accomack,2024-11-18,2024,46.0,0.08036514556937883,0.21618446192294072,0.453632172946996,1.1947461176470588E8
51015,Augusta,2024-11-18,2024,46.0,,,,9.990757764705883E7
51175,Southampton,2024-11-18,2024,46.0,0.06839721541249201,0.21642946626518866,0.5337224047746705,8.448777882352939E7
51057,Essex,2024-11-18,2024,46.0,0.07678750000000001,0.21594039473684212,0.4699278520910363,6.943756941176468E7
51097,King and Queen,2024-11-18,2024,46.0,0.06581635405166703,0.21276750793497476,0.5316095458317716,6.813610235294119E7
51033,Caroline,2024-11-18,2024,46.0,,,,6.67682294117647E7
51093,Isle of Wight,2024-11-18,2024,46.0,0.07033258738337862,0.21133216618143325,0.5065946383026884,6.16024623529412E7
51193,Westmoreland,2024-11-18,2024,46.0,0.09314082632450855,0.23292453622288067,0.4381347284570255,6.1057701176470585E7
51171,Shenandoah,2024-11-18,2024,46.0,,,,5.776891764705879E7
51165,Rockingham,2024-11-25,2024,47.0,,,,1.4536741764705878E8
51001,Accomack,2024-11-25,2024,47.0,,,,1.1947461176470588E8
51015,Augusta,2024-11-25,2024,47.0,,,,9.990757764705883E7
51175,Southampton,2024-11-25,2024,47.0,0.06204146564005235,0.20959512953716494,0.550167013811029,8.448777882352939E7
51057,Essex,2024-11-25,2024,47.0,0.07509358244223792,0.21179801720928013,0.4783727156526518,6.943756941176468E7
51097,King and Queen,2024-11-25,2024,47.0,0.06656280249510765,0.21025189733365962,0.5240766063143012,6.813610235294119E7
51033,Caroline,2024-11-25,2024,47.0,0.07371061962743093,0.2152831289629345,0.49930182551691105,6.67682294117647E7
51093,Isle of Wight,2024-11-25,2024,47.0,0.06534939091235514,0.20573001012668166,0.5234534709228141,6.16024623529412E7
51193,Westmoreland,2024-11-25,2024,47.0,0.07821476081820145,0.2074514394234692,0.455313187581558,6.1057701176470585E7
51171,Shenandoah,2024-11-25,2024,47.0,,,,5.776891764705879E7
51165,Rockingham,2024-12-02,2024,48.0,0.03658249999999999,0.10918250000000002,0.4980619549751282,1.4536741764705878E8
51001,Accomack,2024-12-02,2024,48.0,0.08851215599767448,0.22474597240165353,0.43985713514674424,1.1947461176470588E8
51015,Augusta,2024-12-02,2024,48.0,,,,9.990757764705883E7
51175,Southampton,2024-12-02,2024,48.0,0.07497412758006405,0.23242813792520056,0.5240248723240649,8.448777882352939E7
51057,Essex,2024-12-02,2024,48.0,0.07786000000000003,0.20885624999999997,0.356366366147995,6.943756941176468E7
51097,King and Queen,2024-12-02,2024,48.0,0.027842999999999996,0.10743900000000002,0.5920462012290955,6.813610235294119E7
51033,Caroline,2024-12-02,2024,48.0,,,,6.67682294117647E7
51093,Isle of Wight,2024-12-02,2024,48.0,0.08820797109013735,0.2340414512446224,0.46219916691111895,6.16024623529412E7
51193,Westmoreland,2024-12-02,2024,48.0,0.09203049522029755,0.22948005121109763,0.43341235567572683,6.1057701176470585E7
51171,Shenandoah,2024-12-02,2024,48.0,0.0818382311119411,0.2334109841532388,0.47639027081979346,5.776891764705879E7
51165,Rockingham,2024-12-09,2024,49.0,0.10109399050170483,0.3158045263966427,0.5155467206453874,1.4536741764705878E8
51001,Accomack,2024-12-09,2024,49.0,,,,1.1947461176470588E8
51015,Augusta,2024-12-09,2024,49.0,0.09035341057133886,0.2740694620938628,0.5019270836469649,9.990757764705883E7
51175,Southampton,2024-12-09,2024,49.0,0.06625945892119518,0.21494263759991428,0.5321792625668198,8.448777882352939E7
51057,Essex,2024-12-09,2024,49.0,,,,6.943756941176468E7
51097,King and Queen,2024-12-09,2024,49.0,,,,6.813610235294119E7
51033,Caroline,2024-12-09,2024,49.0,,,,6.67682294117647E7
51093,Isle of Wight,2024-12-09,2024,49.0,0.08125672413793103,0.234733275862069,0.4953882478434464,6.16024623529412E7
51193,Westmoreland,2024-12-09,2024,49.0,,,,6.1057701176470585E7
51171,Shenandoah,2024-12-09,2024,49.0,,,,5.776891764705879E7
51165,Rockingham,2024-12-16,2024,50.0,0.08434460679488473,0.27240585763373354,0.5207611421121536,1.4536741764705878E8
51001,Accomack,2024-12-16,2024,50.0,,,,1.1947461176470588E8
51015,Augusta,2024-12-16,2024,50.0,0.0911799533145765,0.2570722827488946,0.4752791017183678,9.990757764705883E7
51175,Southampton,2024-12-16,2024,50.0,,,,8.448777882352939E7
51057,Essex,2024-12-16,2024,50.0,,,,6.943756941176468E7
51097,King and Queen,2024-12-16,2024,50.0,,,,6.813610235294119E7
51033,Caroline,2024-12-16,2024,50.0,0.05716625,0.18687,0.5315083265304565,6.67682294117647E7
51093,Isle of Wight,2024-12-16,2024,50.0,,,,6.16024623529412E7
51193,Westmoreland,2024-12-16,2024,50.0,,,,6.1057701176470585E7
51171,Shenandoah,2024-12-16,2024,50.0,0.08933924725670413,0.24536553742966308,0.46478841485793043,5.776891764705879E7
51165,Rockingham,2024-12-23,2024,51.0,,,,1.4536741764705878E8
51001,Accomack,2024-12-23,2024,51.0,0.0790524467665486,0.20830599199868308,0.4486619739357256,1.1947461176470588E8
51015,Augusta,2024-12-23,2024,51.0,,,,9.990757764705883E7
51175,Southampton,2024-12-23,2024,51.0,0.06277422787993509,0.20590315186587343,0.539722363662565,8.448777882352939E7
51057,Essex,2024-12-23,2024,51.0,0.06791325,0.18256624999999999,0.3541200578212738,6.943756941176468E7
51097,King and Queen,2024-12-23,2024,51.0,0.07050839280772427,0.21227227622151837,0.5014620350237874,6.813610235294119E7
51033,Caroline,2024-12-23,2024,51.0,,,,6.67682294117647E7
51093,Isle of Wight,2024-12-23,2024,51.0,0.07581701810915896,0.2135638334803427,0.4832045453298013,6.16024623529412E7
51193,Westmoreland,2024-12-23,2024,51.0,,,,6.1057701176470585E7
51171,Shenandoah,2024-12-23,2024,51.0,,,,5.776891764705879E7
51165,Rockingham,2025-01-01,2025,0.0,0.8854151328818628,0.7941522696827157,-0.048184060470609025,1.4536741764705878E8
51001,Accomack,2025-01-01,2025,0.0,,,,1.1947461176470588E8
51015,Augusta,2025-01-01,2025,0.0,0.8214759695628044,0.7525321499750405,-0.034830664300210354,9.990757764705883E7
51175,Southampton,2025-01-01,2025,0.0,,,,8.448777882352939E7
51057,Essex,2025-01-01,2025,0.0,,,,6.943756941176468E7
51097,King and Queen,2025-01-01,2025,0.0,,,,6.813610235294119E7
51033,Caroline,2025-01-01,2025,0.0,,,,6.67682294117647E7
51093,Isle of Wight,2025-01-01,2025,0.0,,,,6.16024623529412E7
51193,Westmoreland,2025-01-01,2025,0.0,,,,6.1057701176470585E7
51171,Shenandoah,2025-01-01,2025,0.0,0.8361600108032649,0.787814550999718,-0.02496062895502133,5.776891764705879E7
51165,Rockingham,2025-01-08,2025,1.0,0.7420883280812324,0.6800425752801118,-0.033144444558218196,1.4536741764705878E8
51001,Accomack,2025-01-08,2025,1.0,0.21381459373761377,0.32024410558159067,0.28211630905239593,1.1947461176470588E8
51015,Augusta,2025-01-08,2025,1.0,0.7260967235694137,0.654244552282026,-0.042192084995609475,9.990757764705883E7
51175,Southampton,2025-01-08,2025,1.0,0.06882454159212875,0.2244720649473266,0.5384926055158425,8.448777882352939E7
51057,Essex,2025-01-08,2025,1.0,0.3019153333333334,0.37676300000000007,0.059603017568588254,6.943756941176468E7
51097,King and Queen,2025-01-08,2025,1.0,0.2915990562503602,0.39210340499106666,0.2065972286008089,6.813610235294119E7
51033,Caroline,2025-01-08,2025,1.0,,,,6.67682294117647E7
51093,Isle of Wight,2025-01-08,2025,1.0,0.07494371619764142,0.21684553721906172,0.4911719673454057,6.16024623529412E7
51193,Westmoreland,2025-01-08,2025,1.0,0.4992351236337572,0.5422647978856836,0.08364910602179428,6.1057701176470585E7
51171,Shenandoah,2025-01-08,2025,1.0,,,,5.776891764705879E7
51165,Rockingham,2025-01-15,2025,2.0,,,,1.4536741764705878E8
51001,Accomack,2025-01-15,2025,2.0,,,,1.1947461176470588E8
51015,Augusta,2025-01-15,2025,2.0,,,,9.990757764705883E7
51175,Southampton,2025-01-15,2025,2.0,,,,8.448777882352939E7
51057,Essex,2025-01-15,2025,2.0,,,,6.943756941176468E7
51097,King and Queen,2025-01-15,2025,2.0,,,,6.813610235294119E7
51033,Caroline,2025-01-15,2025,2.0,,,,6.67682294117647E7
51093,Isle of Wight,2025-01-15,2025,2.0,,,,6.16024623529412E7
51193,Westmoreland,2025-01-15,2025,2.0,,,,6.1057701176470585E7
51171,Shenandoah,2025-01-15,2025,2.0,,,,5.776891764705879E7
51165,Rockingham,2025-01-22,2025,3.0,0.6764401878260935,0.6614516006702419,-0.00482115111160817,1.4536741764705878E8
51001,Accomack,2025-01-22,2025,3.0,0.10832335400183096,0.24142431019911076,0.38661372817933154,1.1947461176470588E8
51015,Augusta,2025-01-22,2025,3.0,0.5847799322173759,0.5694058275374277,-0.010021944046237064,9.990757764705883E7
51175,Southampton,2025-01-22,2025,3.0,0.07183112739127853,0.2274342767496436,0.5272388192010554,8.448777882352939E7
51057,Essex,2025-01-22,2025,3.0,0.07975475000000001,0.20040275,0.36738595068454744,6.943756941176468E7
51097,King and Queen,2025-01-22,2025,3.0,0.08004402153703134,0.22552094747443446,0.48281672855173613,6.813610235294119E7
51033,Caroline,2025-01-22,2025,3.0,,,,6.67682294117647E7
51093,Isle of Wight,2025-01-22,2025,3.0,0.07688261307660367,0.21917914693226076,0.48441198038325006,6.16024623529412E7
51193,Westmoreland,2025-01-22,2025,3.0,0.09923989139939142,0.23577367965443669,0.40780758840671316,6.1057701176470585E7
51171,Shenandoah,2025-01-22,2025,3.0,0.6999411282963016,0.7089665849269801,0.015911552145944176,5.776891764705879E7
51165,Rockingham,2025-01-29,2025,4.0,0.128955,0.3538775,0.46583959460258484,1.4536741764705878E8
51001,Accomack,2025-01-29,2025,4.0,,,,1.1947461176470588E8
51015,Augusta,2025-01-29,2025,4.0,0.14346095744680848,0.2643322340425532,0.29979598585595474,9.990757764705883E7
51175,Southampton,2025-01-29,2025,4.0,0.07617438200570835,0.21923738131378664,0.5163245568293907,8.448777882352939E7
51057,Essex,2025-01-29,2025,4.0,0.0816850994464402,0.2160430192117811,0.46159503398937113,6.943756941176468E7
51097,King and Queen,2025-01-29,2025,4.0,0.07140736922499731,0.2054262441848001,0.5006098628656043,6.813610235294119E7
51033,Caroline,2025-01-29,2025,4.0,0.07882151354154755,0.21439962070598995,0.4706561039546564,6.67682294117647E7
51093,Isle of Wight,2025-01-29,2025,4.0,0.08057877951059328,0.21907250270013748,0.47831896498946613,6.16024623529412E7
51193,Westmoreland,2025-01-29,2025,4.0,0.09025471155220284,0.2135572770864808,0.4222019216170791,6.1057701176470585E7
51171,Shenandoah,2025-01-29,2025,4.0,,,,5.776891764705879E7
51165,Rockingham,2025-02-05,2025,5.0,,,,1.4536741764705878E8
51001,Accomack,2025-02-05,2025,5.0,,,,1.1947461176470588E8
51015,Augusta,2025-02-05,2025,5.0,,,,9.990757764705883E7
51175,Southampton,2025-02-05,2025,5.0,,,,8.448777882352939E7
51057,Essex,2025-02-05,2025,5.0,,,,6.943756941176468E7
51097,King and Queen,2025-02-05,2025,5.0,,,,6.813610235294119E7
51033,Caroline,2025-02-05,2025,5.0,,,,6.67682294117647E7
51093,Isle of Wight,2025-02-05,2025,5.0,,,,6.16024623529412E7
51193,Westmoreland,2025-02-05,2025,5.0,,,,6.1057701176470585E7
51171,Shenandoah,2025-02-05,2025,5.0,,,,5.776891764705879E7
51165,Rockingham,2025-02-12,2025,6.0,,,,1.4536741764705878E8
51001,Accomack,2025-02-12,2025,6.0,,,,1.1947461176470588E8
51015,Augusta,2025-02-12,2025,6.0,,,,9.990757764705883E7
51175,Southampton,2025-02-12,2025,6.0,0.06411583489774283,0.20354242901261843,0.5248111124319846,8.448777882352939E7
51057,Essex,2025-02-12,2025,6.0,0.0820152463931588,0.21422560270972144,0.4449671307359789,6.943756941176468E7
51097,King and Queen,2025-02-12,2025,6.0,0.07515085547784388,0.2192054318055197,0.4932842468488363,6.813610235294119E7
51033,Caroline,2025-02-12,2025,6.0,0.08039164367281829,0.21835283493814905,0.46786326233255443,6.67682294117647E7
51093,Isle of Wight,2025-02-12,2025,6.0,0.0663392421819773,0.20181984745458423,0.5076044764624246,6.16024623529412E7
51193,Westmoreland,2025-02-12,2025,6.0,0.08620793430179495,0.20911946959233335,0.4132095080674838,6.1057701176470585E7
51171,Shenandoah,2025-02-12,2025,6.0,,,,5.776891764705879E7
51165,Rockingham,2025-02-19,2025,7.0,0.09794221819461309,0.28142846938658633,0.4761192636569304,1.4536741764705878E8
51001,Accomack,2025-02-19,2025,7.0,,,,1.1947461176470588E8
51015,Augusta,2025-02-19,2025,7.0,0.10473859008583664,0.25786904953176804,0.4204147279564907,9.990757764705883E7
51175,Southampton,2025-02-19,2025,7.0,,,,8.448777882352939E7
51057,Essex,2025-02-19,2025,7.0,,,,6.943756941176468E7
51097,King and Queen,2025-02-19,2025,7.0,,,,6.813610235294119E7
51033,Caroline,2025-02-19,2025,7.0,0.088585,0.259415,0.49469149112701416,6.67682294117647E7
51093,Isle of Wight,2025-02-19,2025,7.0,,,,6.16024623529412E7
51193,Westmoreland,2025-02-19,2025,7.0,,,,6.1057701176470585E7
51171,Shenandoah,2025-02-19,2025,7.0,0.10733462869383714,0.252486832393472,0.4016141760854473,5.776891764705879E7
51165,Rockingham,2025-02-26,2025,8.0,0.09741086137008513,0.28326919972204523,0.486405867812077,1.4536741764705878E8
51001,Accomack,2025-02-26,2025,8.0,0.08867859116022107,0.22577910591604286,0.4363205031068534,1.1947461176470588E8
51015,Augusta,2025-02-26,2025,8.0,0.10397683621363442,0.2663639622231872,0.43736913453481846,9.990757764705883E7
51175,Southampton,2025-02-26,2025,8.0,0.10072943140794223,0.2908660198555956,0.4873063436562326,8.448777882352939E7
51057,Essex,2025-02-26,2025,8.0,0.07302343750000001,0.1905790625,0.4011091832071543,6.943756941176468E7
51097,King and Queen,2025-02-26,2025,8.0,0.08613910658794283,0.23302181945307648,0.4701546727129211,6.813610235294119E7
51033,Caroline,2025-02-26,2025,8.0,,,,6.67682294117647E7
51093,Isle of Wight,2025-02-26,2025,8.0,0.102268818821528,0.26950150750077334,0.45287936966217535,6.16024623529412E7
51193,Westmoreland,2025-02-26,2025,8.0,0.09261527360494667,0.23450625611699108,0.43278906615319196,6.1057701176470585E7
51171,Shenandoah,2025-02-26,2025,8.0,,,,5.776891764705879E7
51165,Rockingham,2025-03-12,2025,10.0,0.11159643618366277,0.32394819255668084,0.48106143542523105,1.4536741764705878E8
51001,Accomack,2025-03-12,2025,10.0,,,,1.1947461176470588E8
51015,Augusta,2025-03-12,2025,10.0,0.11735242471346914,0.2964756766675808,0.430098519312656,9.990757764705883E7
51175,Southampton,2025-03-12,2025,10.0,,,,8.448777882352939E7
51057,Essex,2025-03-12,2025,10.0,,,,6.943756941176468E7
51097,King and Queen,2025-03-12,2025,10.0,,,,6.813610235294119E7
51033,Caroline,2025-03-12,2025,10.0,,,,6.67682294117647E7
51093,Isle of Wight,2025-03-12,2025,10.0,,,,6.16024623529412E7
51193,Westmoreland,2025-03-12,2025,10.0,,,,6.1057701176470585E7
51171,Shenandoah,2025-03-12,2025,10.0,0.13798538722826087,0.29022426630434783,0.35559275163256604,5.776891764705879E7
51165,Rockingham,2025-03-19,2025,11.0,,,,1.4536741764705878E8
51001,Accomack,2025-03-19,2025,11.0,,,,1.1947461176470588E8
51015,Augusta,2025-03-19,2025,11.0,0.11000882164986164,0.30515017379449905,0.4679045920205803,9.990757764705883E7
51175,Southampton,2025-03-19,2025,11.0,0.0664279700971702,0.23652567888101028,0.565102104223557,8.448777882352939E7
51057,Essex,2025-03-19,2025,11.0,0.08188881432594995,0.2460079566903761,0.4968217650711361,6.943756941176468E7
51097,King and Queen,2025-03-19,2025,11.0,0.078147192832681,0.2433070286448142,0.5172381477046271,6.813610235294119E7
51033,Caroline,2025-03-19,2025,11.0,0.07986860926193551,0.2469446825354119,0.5131933118247602,6.67682294117647E7
51093,Isle of Wight,2025-03-19,2025,11.0,0.07080418736885803,0.23637101041000425,0.5411934124899219,6.16024623529412E7
51193,Westmoreland,2025-03-19,2025,11.0,0.08581314179100005,0.2354654520826837,0.4568836450600232,6.1057701176470585E7
51171,Shenandoah,2025-03-19,2025,11.0,,,,5.776891764705879E7
51165,Rockingham,2025-03-26,2025,12.0,0.09091044270657957,0.3046476774530272,0.5413299874329264,1.4536741764705878E8
51001,Accomack,2025-03-26,2025,12.0,,,,1.1947461176470588E8
51015,Augusta,2025-03-26,2025,12.0,0.12230028847199072,0.36238484192695125,0.49467846345828925,9.990757764705883E7
51175,Southampton,2025-03-26,2025,12.0,,,,8.448777882352939E7
51057,Essex,2025-03-26,2025,12.0,,,,6.943756941176468E7
51097,King and Queen,2025-03-26,2025,12.0,,,,6.813610235294119E7
51033,Caroline,2025-03-26,2025,12.0,0.06218499999999999,0.21667999999999998,0.5540136098861694,6.67682294117647E7
51093,Isle of Wight,2025-03-26,2025,12.0,,,,6.16024623529412E7
51193,Westmoreland,2025-03-26,2025,12.0,,,,6.1057701176470585E7
51171,Shenandoah,2025-03-26,2025,12.0,,,,5.776891764705879E7
51165,Rockingham,2025-04-02,2025,13.0,,,,1.4536741764705878E8
51001,Accomack,2025-04-02,2025,13.0,,,,1.1947461176470588E8
51015,Augusta,2025-04-02,2025,13.0,,,,9.990757764705883E7
51175,Southampton,2025-04-02,2025,13.0,0.09973433398517362,0.2848145099820605,0.4865180666342809,8.448777882352939E7
51057,Essex,2025-04-02,2025,13.0,,,,6.943756941176468E7
51097,King and Queen,2025-04-02,2025,13.0,,,,6.813610235294119E7
51033,Caroline,2025-04-02,2025,13.0,,,,6.67682294117647E7
51093,Isle of Wight,2025-04-02,2025,13.0,0.09478259540008876,0.24904782641251288,0.45404226697773076,6.16024623529412E7
51193,Westmoreland,2025-04-02,2025,13.0,,,,6.1057701176470585E7
51171,Shenandoah,2025-04-02,2025,13.0,,,,5.776891764705879E7
51165,Rockingham,2025-04-09,2025,14.0,0.07086351722901922,0.3795436122956737,0.6790246209883598,1.4536741764705878E8
51001,Accomack,2025-04-09,2025,14.0,,,,1.1947461176470588E8
51015,Augusta,2025-04-09,2025,14.0,0.08065121637520781,0.348792659261442,0.6255247204403422,9.990757764705883E7
51175,Southampton,2025-04-09,2025,14.0,,,,8.448777882352939E7
51057,Essex,2025-04-09,2025,14.0,,,,6.943756941176468E7
51097,King and Queen,2025-04-09,2025,14.0,,,,6.813610235294119E7
51033,Caroline,2025-04-09,2025,14.0,,,,6.67682294117647E7
51093,Isle of Wight,2025-04-09,2025,14.0,,,,6.16024623529412E7
51193,Westmoreland,2025-04-09,2025,14.0,,,,6.1057701176470585E7
51171,Shenandoah,2025-04-09,2025,14.0,0.09120593260769694,0.33970625737710713,0.5784286249799054,5.776891764705879E7
51165,Rockingham,2025-04-16,2025,15.0,,,,1.4536741764705878E8
51001,Accomack,2025-04-16,2025,15.0,,,,1.1947461176470588E8
51015,Augusta,2025-04-16,2025,15.0,,,,9.990757764705883E7
51175,Southampton,2025-04-16,2025,15.0,0.10305242458682312,0.31951418876248483,0.5182813010953322,8.448777882352939E7
51057,Essex,2025-04-16,2025,15.0,0.09065142165416504,0.3122662377220687,0.5519889973457556,6.943756941176468E7
51097,King and Queen,2025-04-16,2025,15.0,0.09711684633262702,0.30551865882835444,0.5263481846572702,6.813610235294119E7
51033,Caroline,2025-04-16,2025,15.0,0.08546138938311601,0.3219260319794462,0.5862323270464811,6.67682294117647E7
51093,Isle of Wight,2025-04-16,2025,15.0,0.107905125,0.3329500000000001,0.5114832952618599,6.16024623529412E7
51193,Westmoreland,2025-04-16,2025,15.0,0.095677811183081,0.30953565884969564,0.5354872268542027,6.1057701176470585E7
51171,Shenandoah,2025-04-16,2025,15.0,,,,5.776891764705879E7
51165,Rockingham,2025-04-23,2025,16.0,0.09791739847312886,0.36062128487797873,0.5758770943095605,1.4536741764705878E8
51001,Accomack,2025-04-23,2025,16.0,,,,1.1947461176470588E8
51015,Augusta,2025-04-23,2025,16.0,0.09180936169818528,0.3489999382499337,0.5870147253252243,9.990757764705883E7
51175,Southampton,2025-04-23,2025,16.0,,,,8.448777882352939E7
51057,Essex,2025-04-23,2025,16.0,,,,6.943756941176468E7
51097,King and Queen,2025-04-23,2025,16.0,,,,6.813610235294119E7
51033,Caroline,2025-04-23,2025,16.0,,,,6.67682294117647E7
51093,Isle of Wight,2025-04-23,2025,16.0,,,,6.16024623529412E7
51193,Westmoreland,2025-04-23,2025,16.0,,,,6.1057701176470585E7
51171,Shenandoah,2025-04-23,2025,16.0,0.10323332942996652,0.351991657405042,0.5508942976750487,5.776891764705879E7
51165,Rockingham,2025-04-30,2025,17.0,,,,1.4536741764705878E8
51001,Accomack,2025-04-30,2025,17.0,0.09474610195447433,0.36672740615914123,0.5932114322903717,1.1947461176470588E8
51015,Augusta,2025-04-30,2025,17.0,0.0730507135661518,0.4071890480188047,0.6993978745269648,9.990757764705883E7
51175,Southampton,2025-04-30,2025,17.0,0.09821554115742914,0.3312944894775506,0.5526703289267487,8.448777882352939E7
51057,Essex,2025-04-30,2025,17.0,0.1040675,0.35973499999999997,0.551934281984965,6.943756941176468E7
51097,King and Queen,2025-04-30,2025,17.0,0.1045085071784354,0.3660628321857603,0.5608408736616783,6.813610235294119E7
51033,Caroline,2025-04-30,2025,17.0,,,,6.67682294117647E7
51093,Isle of Wight,2025-04-30,2025,17.0,0.0998157766046631,0.33144031371671967,0.5449897046135639,6.16024623529412E7
51193,Westmoreland,2025-04-30,2025,17.0,0.10351170887758206,0.3614678759113002,0.5600386960375353,6.1057701176470585E7
51171,Shenandoah,2025-04-30,2025,17.0,,,,5.776891764705879E7
51165,Rockingham,2025-05-07,2025,18.0,,,,1.4536741764705878E8
51001,Accomack,2025-05-07,2025,18.0,,,,1.1947461176470588E8
51015,Augusta,2025-05-07,2025,18.0,,,,9.990757764705883E7
51175,Southampton,2025-05-07,2025,18.0,0.09652333333333334,0.3438079166666666,0.5664984633525213,8.448777882352939E7
51057,Essex,2025-05-07,2025,18.0,0.08561179050345273,0.3237937715280646,0.5843313062487132,6.943756941176468E7
51097,King and Queen,2025-05-07,2025,18.0,0.08239475397743709,0.32155732513740237,0.5992705781972922,6.813610235294119E7
51033,Caroline,2025-05-07,2025,18.0,0.07660948107900625,0.33521099732300064,0.6340829515452105,6.67682294117647E7
51093,Isle of Wight,2025-05-07,2025,18.0,0.09573500000000001,0.34780000000000005,0.5683091282844543,6.16024623529412E7
51193,Westmoreland,2025-05-07,2025,18.0,0.08476753098593881,0.3290919077601004,0.593982615752344,6.1057701176470585E7
51171,Shenandoah,2025-05-07,2025,18.0,,,,5.776891764705879E7
51165,Rockingham,2025-05-14,2025,19.0,0.08786864919511816,0.319358003221474,0.5716392529955996,1.4536741764705878E8
51001,Accomack,2025-05-14,2025,19.0,,,,1.1947461176470588E8
51015,Augusta,2025-05-14,2025,19.0,0.07492861712348012,0.33133040918601386,0.6294601798516113,9.990757764705883E7
51175,Southampton,2025-05-14,2025,19.0,,,,8.448777882352939E7
51057,Essex,2025-05-14,2025,19.0,0.0740375,0.28859250000000003,0.5737082242965699,6.943756941176468E7
51097,King and Queen,2025-05-14,2025,19.0,0.07826639360578488,0.3220028494678259,0.6092430364357493,6.813610235294119E7
51033,Caroline,2025-05-14,2025,19.0,,,,6.67682294117647E7
51093,Isle of Wight,2025-05-14,2025,19.0,,,,6.16024623529412E7
51193,Westmoreland,2025-05-14,2025,19.0,0.08560807520945761,0.32790031152371485,0.5878283739591467,6.1057701176470585E7
51171,Shenandoah,2025-05-14,2025,19.0,0.08441,0.30710125,0.5633703470230103,5.776891764705879E7
51165,Rockingham,2025-05-21,2025,20.0,,,,1.4536741764705878E8
51001,Accomack,2025-05-21,2025,20.0,,,,1.1947461176470588E8
51015,Augusta,2025-05-21,2025,20.0,0.12916125,0.35650375,0.4843730926513672,9.990757764705883E7
51175,Southampton,2025-05-21,2025,20.0,0.07107326395140556,0.3046410398588385,0.6262586358826598,8.448777882352939E7
51057,Essex,2025-05-21,2025,20.0,0.08041190545866174,0.3300479925163508,0.6042983516895808,6.943756941176468E7
51097,King and Queen,2025-05-21,2025,20.0,0.07107476415094338,0.3218729357131983,0.6407417520121009,6.813610235294119E7
51033,Caroline,2025-05-21,2025,20.0,0.07723037770001015,0.3353700383902735,0.6271365931540989,6.67682294117647E7
51093,Isle of Wight,2025-05-21,2025,20.0,0.07352779638160147,0.3081218054889602,0.6213942390705625,6.16024623529412E7
51193,Westmoreland,2025-05-21,2025,20.0,0.07764849128295342,0.32044933261352687,0.6099599080137865,6.1057701176470585E7
51171,Shenandoah,2025-05-21,2025,20.0,,,,5.776891764705879E7
51165,Rockingham,2025-05-28,2025,21.0,0.08453083501071917,0.31878249072707554,0.5807264823044167,1.4536741764705878E8
51001,Accomack,2025-05-28,2025,21.0,0.07431982916441837,0.29327905619684463,0.5892063729821555,1.1947461176470588E8
51015,Augusta,2025-05-28,2025,21.0,0.08153343564395124,0.33943823450687727,0.6142692269718377,9.990757764705883E7
51175,Southampton,2025-05-28,2025,21.0,0.07041389177934018,0.35539957071389944,0.6736455061030813,8.448777882352939E7
51057,Essex,2025-05-28,2025,21.0,0.0517625,0.29994449999999995,0.5627732306718827,6.943756941176468E7
51097,King and Queen,2025-05-28,2025,21.0,0.06861275639723802,0.3350975187855402,0.6550583704628177,6.813610235294119E7
51033,Caroline,2025-05-28,2025,21.0,0.05458223214285713,0.3092877232142857,0.6980592161417007,6.67682294117647E7
51093,Isle of Wight,2025-05-28,2025,21.0,0.0812275012202512,0.34957628412495373,0.6299001985096198,6.16024623529412E7
51193,Westmoreland,2025-05-28,2025,21.0,0.07551779215484318,0.3394301405519076,0.6311005080973078,6.1057701176470585E7
51171,Shenandoah,2025-05-28,2025,21.0,0.07723153438051607,0.33289729016679576,0.6203655226625314,5.776891764705879E7
51165,Rockingham,2025-06-04,2025,22.0,0.07218120606474666,0.29917195695816684,0.6091032770549848,1.4536741764705878E8
51001,Accomack,2025-06-04,2025,22.0,,,,1.1947461176470588E8
51015,Augusta,2025-06-04,2025,22.0,0.06691080288194229,0.3274258085964045,0.6626553975214605,9.990757764705883E7
51175,Southampton,2025-06-04,2025,22.0,0.06380393727872809,0.32547954195899403,0.6776759779779009,8.448777882352939E7
51057,Essex,2025-06-04,2025,22.0,0.06446550311203318,0.31892619813278,0.6589589491177397,6.943756941176468E7
51097,King and Queen,2025-06-04,2025,22.0,0.05544062499999999,0.34218656249999996,0.715334452688694,6.813610235294119E7
51033,Caroline,2025-06-04,2025,22.0,0.07062599166480618,0.3307624824799683,0.6500713482762688,6.67682294117647E7
51093,Isle of Wight,2025-06-04,2025,22.0,0.05981318821342549,0.32450650327259406,0.6912248303533435,6.16024623529412E7
51193,Westmoreland,2025-06-04,2025,22.0,0.06019573030550731,0.3207365656610811,0.6671158732402748,6.1057701176470585E7
51171,Shenandoah,2025-06-04,2025,22.0,,,,5.776891764705879E7
51165,Rockingham,2025-06-18,2025,24.0,0.05424763627128901,0.3696141651897641,0.7426845519675848,1.4536741764705878E8
51001,Accomack,2025-06-18,2025,24.0,0.05469664831329091,0.33121470631381844,0.7065404480109784,1.1947461176470588E8
51015,Augusta,2025-06-18,2025,24.0,0.05951105873102406,0.35955859083284414,0.7161345975776754,9.990757764705883E7
51175,Southampton,2025-06-18,2025,24.0,0.04513688649374584,0.3671556034829236,0.7794588761872246,8.448777882352939E7
51057,Essex,2025-06-18,2025,24.0,0.056299999999999996,0.3123725,0.6777692599730059,6.943756941176468E7
51097,King and Queen,2025-06-18,2025,24.0,0.049221237465246315,0.3600743304645277,0.7548852956181362,6.813610235294119E7
51033,Caroline,2025-06-18,2025,24.0,,,,6.67682294117647E7
51093,Isle of Wight,2025-06-18,2025,24.0,0.05355318736605284,0.35512466330887205,0.737532551962547,6.16024623529412E7
51193,Westmoreland,2025-06-18,2025,24.0,0.053574428989884286,0.36759005348955676,0.7421269457128211,6.1057701176470585E7
51171,Shenandoah,2025-06-18,2025,24.0,,,,5.776891764705879E7
51165,Rockingham,2025-06-25,2025,25.0,,,,1.4536741764705878E8
51001,Accomack,2025-06-25,2025,25.0,,,,1.1947461176470588E8
51015,Augusta,2025-06-25,2025,25.0,,,,9.990757764705883E7
51175,Southampton,2025-06-25,2025,25.0,0.07383188166992928,0.3709935040808916,0.6768935346887942,8.448777882352939E7
51057,Essex,2025-06-25,2025,25.0,0.05255459565449084,0.34400265353405685,0.729631137922074,6.943756941176468E7
51097,King and Queen,2025-06-25,2025,25.0,0.04475379827822904,0.3542446720340921,0.7768281872628989,6.813610235294119E7
51033,Caroline,2025-06-25,2025,25.0,0.054863215125241886,0.3482926809474867,0.7285985518635656,6.67682294117647E7
51093,Isle of Wight,2025-06-25,2025,25.0,0.066725378340795,0.34884878120336454,0.6838740624488411,6.16024623529412E7
51193,Westmoreland,2025-06-25,2025,25.0,0.0545658484102521,0.3473882130777905,0.7237201991220198,6.1057701176470585E7
51171,Shenandoah,2025-06-25,2025,25.0,,,,5.776891764705879E7
51165,Rockingham,2025-07-02,2025,26.0,0.05258911175935723,0.4058650590693028,0.7690749354860817,1.4536741764705878E8
51001,Accomack,2025-07-02,2025,26.0,0.0534161607070461,0.34775609036730737,0.7228130521471398,1.1947461176470588E8
51015,Augusta,2025-07-02,2025,26.0,0.055506187982500205,0.3989781518806337,0.7545169990560833,9.990757764705883E7
51175,Southampton,2025-07-02,2025,26.0,0.048224431160312844,0.3892181939654288,0.7815457341496549,8.448777882352939E7
51057,Essex,2025-07-02,2025,26.0,0.05153562500000001,0.32278531250000003,0.6801700294017792,6.943756941176468E7
51097,King and Queen,2025-07-02,2025,26.0,0.04726410119150408,0.36545405974788464,0.7682266298651264,6.813610235294119E7
51033,Caroline,2025-07-02,2025,26.0,,,,6.67682294117647E7
51093,Isle of Wight,2025-07-02,2025,26.0,0.058293926193040926,0.3819591968503494,0.737115081858856,6.16024623529412E7
51193,Westmoreland,2025-07-02,2025,26.0,0.046533154867605855,0.3937700042421373,0.7859561311649306,6.1057701176470585E7
51171,Shenandoah,2025-07-02,2025,26.0,0.05695295029846876,0.3911631683104076,0.7469286561234469,5.776891764705879E7
51165,Rockingham,2025-07-09,2025,27.0,0.057451693346295095,0.4390538624972997,0.7741395298709466,1.4536741764705878E8
51001,Accomack,2025-07-09,2025,27.0,,,,1.1947461176470588E8
51015,Augusta,2025-07-09,2025,27.0,0.05065868301050986,0.41857676361504403,0.7856381267705241,9.990757764705883E7
51175,Southampton,2025-07-09,2025,27.0,,,,8.448777882352939E7
51057,Essex,2025-07-09,2025,27.0,0.037895260887233974,0.3755351453757607,0.8132790210511675,6.943756941176468E7
51097,King and Queen,2025-07-09,2025,27.0,0.03648047918849222,0.3617523640099928,0.8142194763703777,6.813610235294119E7
51033,Caroline,2025-07-09,2025,27.0,0.037683273585569124,0.3630609542793349,0.8107865605435822,6.67682294117647E7
51093,Isle of Wight,2025-07-09,2025,27.0,,,,6.16024623529412E7
51193,Westmoreland,2025-07-09,2025,27.0,0.041212153338318444,0.3543407188293863,0.7847062397895833,6.1057701176470585E7
51171,Shenandoah,2025-07-09,2025,27.0,,,,5.776891764705879E7
51165,Rockingham,2025-07-16,2025,28.0,,,,1.4536741764705878E8
51001,Accomack,2025-07-16,2025,28.0,0.13719240860546317,0.43624608081741634,0.5420815098384951,1.1947461176470588E8
51015,Augusta,2025-07-16,2025,28.0,0.04838916666666668,0.6080233333333332,0.8518779079119364,9.990757764705883E7
51175,Southampton,2025-07-16,2025,28.0,0.045893902406886865,0.38882192958789286,0.788158563614466,8.448777882352939E7
51057,Essex,2025-07-16,2025,28.0,0.03742949999999999,0.34179950000000003,0.6524503283202648,6.943756941176468E7
51097,King and Queen,2025-07-16,2025,28.0,0.0557761406642209,0.39358880092681986,0.744942353611449,6.813610235294119E7
51033,Caroline,2025-07-16,2025,28.0,,,,6.67682294117647E7
51093,Isle of Wight,2025-07-16,2025,28.0,0.04940577536326456,0.38939436015400686,0.7717753680995165,6.16024623529412E7
51193,Westmoreland,2025-07-16,2025,28.0,0.05936067081151833,0.4357682212675222,0.7556151806565153,6.1057701176470585E7
51171,Shenandoah,2025-07-16,2025,28.0,,,,5.776891764705879E7
51165,Rockingham,2025-07-23,2025,29.0,0.04253331199976883,0.43684454311017373,0.8247700066365518,1.4536741764705878E8
51001,Accomack,2025-07-23,2025,29.0,,,,1.1947461176470588E8
51015,Augusta,2025-07-23,2025,29.0,0.05053472738376013,0.4144527017983491,0.7925551282211818,9.990757764705883E7
51175,Southampton,2025-07-23,2025,29.0,0.037161245653555684,0.3860810839705006,0.825255747202856,8.448777882352939E7
51057,Essex,2025-07-23,2025,29.0,0.03386777286521555,0.38214226504290477,0.8285757533181419,6.943756941176468E7
51097,King and Queen,2025-07-23,2025,29.0,0.033962777399290635,0.37017693617840103,0.8316834700520094,6.813610235294119E7
51033,Caroline,2025-07-23,2025,29.0,0.034247605609132856,0.3792772674023244,0.8329743883454149,6.67682294117647E7
51093,Isle of Wight,2025-07-23,2025,29.0,0.03768983057375022,0.36621743141220875,0.8117000059127266,6.16024623529412E7
51193,Westmoreland,2025-07-23,2025,29.0,0.04180713049106524,0.3818825939953596,0.7952302728327554,6.1057701176470585E7
51171,Shenandoah,2025-07-23,2025,29.0,,,,5.776891764705879E7
51165,Rockingham,2025-07-30,2025,30.0,0.04988273454294538,0.430174460562284,0.7945185621110373,1.4536741764705878E8
51001,Accomack,2025-07-30,2025,30.0,,,,1.1947461176470588E8
51015,Augusta,2025-07-30,2025,30.0,0.05034204075059399,0.43426705675049354,0.7925379573461128,9.990757764705883E7
51175,Southampton,2025-07-30,2025,30.0,,,,8.448777882352939E7
51057,Essex,2025-07-30,2025,30.0,,,,6.943756941176468E7
51097,King and Queen,2025-07-30,2025,30.0,,,,6.813610235294119E7
51033,Caroline,2025-07-30,2025,30.0,0.040212499999999984,0.49146000000000006,0.848732054233551,6.67682294117647E7
51093,Isle of Wight,2025-07-30,2025,30.0,,,,6.16024623529412E7
51193,Westmoreland,2025-07-30,2025,30.0,,,,6.1057701176470585E7
51171,Shenandoah,2025-07-30,2025,30.0,0.04461389909130484,0.4072640773841913,0.802806641201496,5.776891764705879E7
51165,Rockingham,2025-08-06,2025,31.0,0.04121689111243,0.41274668338959164,0.8194146630954944,1.4536741764705878E8
51001,Accomack,2025-08-06,2025,31.0,,,,1.1947461176470588E8
51015,Augusta,2025-08-06,2025,31.0,0.04400377627972769,0.4013088970471224,0.8050601092302645,9.990757764705883E7
51175,Southampton,2025-08-06,2025,31.0,0.0672837244897959,0.40444579081632664,0.7164324290898382,8.448777882352939E7
51057,Essex,2025-08-06,2025,31.0,0.04556073989811025,0.40858692512845074,0.7944120263059068,6.943756941176468E7
51097,King and Queen,2025-08-06,2025,31.0,0.039094140401146144,0.48854917621776506,0.8480872776583477,6.813610235294119E7
51033,Caroline,2025-08-06,2025,31.0,0.059412489511261594,0.39751078205505674,0.7416227429942883,6.67682294117647E7
51093,Isle of Wight,2025-08-06,2025,31.0,,,,6.16024623529412E7
51193,Westmoreland,2025-08-06,2025,31.0,0.05944645181041899,0.39801792347918186,0.7327877068323108,6.1057701176470585E7
51171,Shenandoah,2025-08-06,2025,31.0,,,,5.776891764705879E7
